200 20
0.00 37.00 70.00 91.00 119.00 112.00 88.00 59.00 47.00 79.00 118.00 97.00 96.00 107.00 77.00 84.00 84.00 122.00 80.00 60.00 105.00 87.00 46.00 99.00 97.00 85.00 114.00 106.00 91.00 88.00 40.00 46.00 96.00 70.00 119.00 74.00 123.00 117.00 83.00 111.00 98.00 112.00 85.00 117.00 96.00 169.00 111.00 86.00 95.00 104.00 119.00 151.00 111.00 111.00 98.00 95.00 150.00 131.00 85.00 105.00 131.00 94.00 73.00 112.00 121.00 153.00 97.00 115.00 111.00 94.00 93.00 110.00 74.00 108.00 113.00 65.00 98.00 91.00 86.00 87.00 69.00 102.00 75.00 63.00 80.00 61.00 61.00 60.00 106.00 82.00 66.00 59.00 85.00 72.00 126.00 117.00 72.00 127.00 109.00 87.00 67.00 88.00 107.00 98.00 98.00 107.00 107.00 108.00 87.00 93.00 96.00 82.00 77.00 94.00 47.00 95.00 91.00 99.00 105.00 104.00 94.00 68.00 95.00 110.00 81.00 76.00 83.00 92.00 67.00 84.00 96.00 109.00 96.00 77.00 123.00 106.00 126.00 126.00 111.00 82.00 60.00 83.00 107.00 149.00 155.00 91.00 93.00 107.00 115.00 91.00 81.00 77.00 118.00 113.00 122.00 134.00 108.00 57.00 53.00 82.00 93.00 76.00 85.00 127.00 71.00 80.00 44.00 83.00 87.00 73.00 79.00 74.00 133.00 62.00 108.00 110.00 115.00 55.00 115.00 116.00 96.00 161.00 143.00 115.00 93.00 100.00 95.00 86.00 107.00 111.00 85.00 135.00 153.00 139.00 83.00 66.00 90.00 88.00 112.00 44.00
37.00 0.00 33.00 54.00 82.00 98.00 115.00 86.00 74.00 93.00 81.00 92.00 89.00 70.00 72.00 79.00 83.00 115.00 54.00 34.00 89.00 101.00 83.00 90.00 116.00 104.00 109.00 99.00 110.00 84.00 75.00 81.00 109.00 97.00 96.00 48.00 86.00 113.00 62.00 90.00 61.00 75.00 107.00 109.00 95.00 174.00 121.00 96.00 87.00 78.00 106.00 114.00 88.00 85.00 77.00 106.00 127.00 108.00 98.00 68.00 94.00 89.00 68.00 75.00 108.00 140.00 98.00 106.00 81.00 64.00 83.00 73.00 103.00 84.00 89.00 88.00 66.00 56.00 54.00 98.00 100.00 65.00 38.00 86.00 103.00 56.00 66.00 89.00 129.00 105.00 89.00 66.00 104.00 91.00 93.00 98.00 92.00 106.00 88.00 78.00 58.00 62.00 70.00 87.00 103.00 87.00 70.00 101.00 96.00 56.00 59.00 45.00 40.00 57.00 74.00 88.00 72.00 62.00 77.00 80.00 59.00 91.00 66.00 76.00 86.00 111.00 104.00 100.00 41.00 58.00 120.00 129.00 70.00 82.00 110.00 91.00 94.00 117.00 106.00 77.00 55.00 83.00 77.00 137.00 142.00 82.00 56.00 123.00 80.00 54.00 44.00 89.00 101.00 90.00 87.00 113.00 71.00 84.00 80.00 45.00 63.00 93.00 48.00 118.00 76.00 103.00 71.00 110.00 98.00 36.00 84.00 66.00 147.00 97.00 88.00 128.00 120.00 60.00 108.00 107.00 59.00 131.00 131.00 110.00 88.00 89.00 58.00 75.00 94.00 98.00 78.00 127.00 124.00 110.00 74.00 90.00 111.00 99.00 124.00 81.00
70.00 33.00 0.00 21.00 49.00 70.00 82.00 53.00 41.00 60.00 82.00 59.00 68.00 89.00 39.00 46.00 50.00 88.00 87.00 67.00 56.00 68.00 57.00 57.00 94.00 82.00 84.00 101.00 78.00 51.00 42.00 48.00 93.00 64.00 110.00 74.00 87.00 80.00 45.00 73.00 62.00 42.00 74.00 105.00 98.00 161.00 103.00 78.00 69.00 84.00 83.00 121.00 84.00 99.00 60.00 89.00 94.00 75.00 65.00 77.00 61.00 56.00 35.00 99.00 115.00 135.00 69.00 73.00 73.00 56.00 52.00 86.00 75.00 82.00 87.00 62.00 33.00 23.00 80.00 77.00 71.00 80.00 71.00 60.00 74.00 23.00 33.00 61.00 103.00 77.00 63.00 33.00 79.00 66.00 106.00 112.00 66.00 85.00 67.00 45.00 25.00 68.00 83.00 66.00 82.00 102.00 60.00 80.00 88.00 23.00 26.00 78.00 73.00 58.00 41.00 55.00 39.00 29.00 61.00 73.00 56.00 65.00 57.00 72.00 53.00 78.00 85.00 87.00 67.00 72.00 97.00 106.00 68.00 49.00 89.00 70.00 107.00 89.00 73.00 44.00 22.00 77.00 63.00 121.00 133.00 49.00 83.00 90.00 77.00 84.00 77.00 56.00 68.00 57.00 62.00 96.00 104.00 51.00 47.00 78.00 77.00 78.00 81.00 85.00 43.00 77.00 38.00 77.00 65.00 69.00 73.00 68.00 135.00 64.00 55.00 95.00 87.00 27.00 75.00 74.00 61.00 144.00 105.00 77.00 55.00 90.00 87.00 48.00 71.00 75.00 45.00 94.00 91.00 77.00 41.00 67.00 92.00 82.00 95.00 114.00
91.00 54.00 21.00 0.00 28.00 84.00 93.00 64.00 46.00 77.00 101.00 80.00 89.00 110.00 60.00 67.00 71.00 109.00 108.00 88.00 77.00 85.00 68.00 74.00 96.00 84.00 69.00 102.00 78.00 72.00 53.00 59.00 88.00 75.00 104.00 95.00 106.00 101.00 66.00 63.00 73.00 63.00 75.00 107.00 109.00 174.00 116.00 91.00 90.00 98.00 104.00 142.00 87.00 112.00 81.00 100.00 93.00 74.00 44.00 98.00 40.00 77.00 56.00 120.00 126.00 118.00 90.00 90.00 67.00 50.00 31.00 67.00 71.00 97.00 102.00 64.00 38.00 2.00 67.00 86.00 82.00 101.00 92.00 66.00 83.00 44.00 51.00 69.00 109.00 78.00 63.00 34.00 80.00 77.00 93.00 102.00 77.00 64.00 46.00 62.00 42.00 82.00 70.00 87.00 96.00 94.00 81.00 101.00 84.00 44.00 47.00 89.00 94.00 77.00 52.00 34.00 60.00 50.00 82.00 94.00 77.00 67.00 72.00 87.00 74.00 89.00 96.00 79.00 88.00 85.00 104.00 106.00 83.00 70.00 68.00 49.00 94.00 110.00 94.00 65.00 43.00 88.00 84.00 142.00 116.00 66.00 98.00 106.00 57.00 86.00 96.00 77.00 47.00 36.00 47.00 117.00 102.00 62.00 58.00 99.00 98.00 89.00 102.00 64.00 64.00 77.00 49.00 88.00 82.00 90.00 84.00 79.00 141.00 75.00 76.00 116.00 108.00 48.00 54.00 53.00 55.00 138.00 126.00 98.00 76.00 97.00 102.00 63.00 92.00 96.00 66.00 73.00 70.00 56.00 58.00 75.00 103.00 85.00 116.00 135.00
119.00 82.00 49.00 28.00 0.00 63.00 92.00 92.00 74.00 105.00 124.00 99.00 86.00 121.00 88.00 95.00 99.00 137.00 136.00 116.00 105.00 113.00 84.00 102.00 119.00 107.00 97.00 113.00 105.00 100.00 81.00 75.00 116.00 103.00 101.00 117.00 129.00 119.00 94.00 91.00 101.00 91.00 103.00 119.00 125.00 195.00 137.00 112.00 103.00 126.00 132.00 169.00 115.00 140.00 109.00 128.00 121.00 102.00 72.00 126.00 68.00 88.00 84.00 131.00 122.00 90.00 116.00 118.00 64.00 47.00 28.00 64.00 68.00 102.00 107.00 87.00 66.00 30.00 95.00 95.00 98.00 129.00 120.00 85.00 102.00 72.00 79.00 82.00 128.00 104.00 88.00 62.00 99.00 86.00 90.00 99.00 105.00 92.00 74.00 90.00 70.00 110.00 67.00 84.00 100.00 122.00 109.00 98.00 81.00 72.00 75.00 102.00 97.00 100.00 80.00 62.00 88.00 78.00 93.00 81.00 98.00 90.00 100.00 115.00 102.00 105.00 112.00 107.00 116.00 113.00 118.00 131.00 102.00 98.00 96.00 77.00 91.00 122.00 122.00 93.00 71.00 116.00 95.00 117.00 88.00 94.00 113.00 129.00 77.00 83.00 93.00 92.00 75.00 64.00 75.00 121.00 130.00 90.00 86.00 127.00 109.00 105.00 130.00 92.00 92.00 102.00 77.00 116.00 109.00 118.00 79.00 107.00 136.00 91.00 104.00 144.00 136.00 76.00 82.00 81.00 52.00 135.00 145.00 117.00 95.00 122.00 113.00 91.00 120.00 116.00 94.00 101.00 98.00 84.00 86.00 88.00 119.00 82.00 90.00 158.00
112.00 98.00 70.00 84.00 63.00 0.00 29.00 58.00 65.00 80.00 65.00 50.00 64.00 58.00 90.00 97.00 100.00 132.00 127.00 107.00 91.00 88.00 87.00 77.00 75.00 87.00 81.00 118.00 90.00 69.00 72.00 78.00 112.00 94.00 96.00 107.00 70.00 98.00 50.00 78.00 45.00 77.00 94.00 98.00 80.00 132.00 74.00 49.00 40.00 74.00 93.00 106.00 77.00 119.00 65.00 94.00 63.00 44.00 90.00 101.00 124.00 107.00 86.00 68.00 101.00 123.00 104.00 93.00 96.00 79.00 91.00 65.00 83.00 101.00 106.00 81.00 85.00 82.00 103.00 73.00 53.00 98.00 71.00 82.00 99.00 74.00 84.00 79.00 125.00 94.00 82.00 53.00 84.00 71.00 85.00 94.00 95.00 76.00 58.00 65.00 45.00 88.00 62.00 65.00 66.00 88.00 88.00 76.00 79.00 93.00 93.00 63.00 58.00 41.00 70.00 100.00 72.00 62.00 30.00 18.00 39.00 78.00 50.00 65.00 90.00 105.00 98.00 91.00 100.00 92.00 103.00 114.00 87.00 94.00 80.00 61.00 86.00 107.00 102.00 80.00 73.00 82.00 32.00 92.00 121.00 69.00 72.00 85.00 60.00 46.00 56.00 92.00 59.00 48.00 59.00 101.00 117.00 78.00 77.00 64.00 46.00 46.00 81.00 126.00 94.00 96.00 68.00 107.00 85.00 107.00 64.00 98.00 136.00 94.00 88.00 124.00 138.00 78.00 114.00 115.00 84.00 114.00 104.00 76.00 54.00 85.00 50.00 59.00 81.00 77.00 78.00 121.00 118.00 104.00 29.00 73.00 105.00 109.00 130.00 156.00
88.00 115.00 82.00 93.00 92.00 29.00 0.00 29.00 47.00 79.00 94.00 79.00 93.00 87.00 77.00 84.00 87.00 125.00 132.00 112.00 95.00 87.00 63.00 99.00 100.00 88.00 110.00 89.00 91.00 96.00 48.00 54.00 99.00 70.00 120.00 112.00 99.00 125.00 79.00 107.00 74.00 81.00 68.00 100.00 74.00 153.00 103.00 78.00 69.00 100.00 64.00 102.00 106.00 115.00 94.00 95.00 92.00 73.00 88.00 105.00 133.00 94.00 73.00 97.00 121.00 150.00 80.00 115.00 111.00 94.00 101.00 94.00 77.00 110.00 115.00 68.00 101.00 91.00 86.00 90.00 47.00 108.00 81.00 66.00 83.00 61.00 61.00 68.00 106.00 65.00 69.00 59.00 85.00 72.00 114.00 118.00 72.00 105.00 87.00 87.00 67.00 84.00 91.00 94.00 95.00 96.00 99.00 105.00 90.00 100.00 97.00 92.00 87.00 70.00 41.00 92.00 101.00 91.00 59.00 47.00 68.00 71.00 79.00 94.00 81.00 77.00 84.00 81.00 105.00 88.00 104.00 108.00 96.00 77.00 109.00 90.00 115.00 134.00 111.00 82.00 60.00 53.00 61.00 121.00 150.00 91.00 101.00 110.00 87.00 75.00 85.00 80.00 88.00 77.00 88.00 130.00 144.00 57.00 53.00 88.00 75.00 54.00 71.00 109.00 71.00 83.00 44.00 83.00 95.00 100.00 79.00 74.00 139.00 70.00 96.00 113.00 115.00 55.00 99.00 98.00 99.00 143.00 133.00 105.00 83.00 101.00 79.00 86.00 52.00 48.00 97.00 126.00 123.00 109.00 58.00 74.00 91.00 88.00 106.00 132.00
59.00 86.00 53.00 64.00 92.00 58.00 29.00 0.00 18.00 50.00 91.00 68.00 70.00 96.00 48.00 55.00 58.00 96.00 104.00 84.00 84.00 58.00 34.00 70.00 71.00 59.00 85.00 79.00 62.00 67.00 19.00 25.00 70.00 41.00 91.00 98.00 96.00 96.00 54.00 82.00 71.00 90.00 58.00 90.00 75.00 140.00 82.00 57.00 66.00 85.00 84.00 122.00 90.00 104.00 69.00 66.00 121.00 102.00 59.00 76.00 104.00 65.00 44.00 110.00 92.00 124.00 68.00 86.00 82.00 65.00 72.00 89.00 53.00 81.00 86.00 39.00 72.00 62.00 57.00 61.00 48.00 79.00 84.00 37.00 54.00 32.00 32.00 39.00 80.00 55.00 40.00 30.00 56.00 43.00 98.00 89.00 43.00 98.00 80.00 58.00 38.00 81.00 89.00 72.00 69.00 74.00 108.00 82.00 66.00 76.00 74.00 89.00 84.00 67.00 12.00 63.00 79.00 82.00 76.00 76.00 65.00 42.00 66.00 81.00 52.00 55.00 62.00 59.00 91.00 77.00 75.00 83.00 67.00 48.00 96.00 77.00 97.00 105.00 82.00 53.00 31.00 24.00 76.00 123.00 126.00 62.00 82.00 81.00 86.00 91.00 81.00 51.00 91.00 84.00 93.00 105.00 115.00 28.00 24.00 77.00 72.00 55.00 92.00 98.00 42.00 54.00 15.00 54.00 66.00 71.00 50.00 45.00 112.00 41.00 84.00 84.00 86.00 26.00 86.00 87.00 70.00 136.00 114.00 86.00 64.00 74.00 91.00 57.00 72.00 76.00 73.00 97.00 94.00 80.00 54.00 45.00 69.00 59.00 78.00 103.00
47.00 74.00 41.00 46.00 74.00 65.00 47.00 18.00 0.00 32.00 79.00 56.00 58.00 84.00 36.00 43.00 46.00 84.00 92.00 72.00 72.00 40.00 22.00 52.00 59.00 47.00 73.00 67.00 50.00 55.00 7.00 13.00 58.00 29.00 79.00 86.00 84.00 84.00 42.00 70.00 59.00 78.00 46.00 78.00 63.00 128.00 70.00 45.00 54.00 73.00 78.00 116.00 78.00 92.00 57.00 54.00 112.00 93.00 47.00 64.00 86.00 53.00 32.00 101.00 80.00 112.00 56.00 68.00 70.00 53.00 60.00 77.00 41.00 69.00 74.00 27.00 60.00 44.00 45.00 49.00 36.00 67.00 72.00 25.00 42.00 20.00 20.00 27.00 68.00 43.00 28.00 12.00 44.00 31.00 80.00 77.00 31.00 86.00 68.00 40.00 20.00 63.00 77.00 60.00 57.00 74.00 96.00 70.00 54.00 64.00 62.00 77.00 72.00 55.00 6.00 57.00 67.00 70.00 64.00 71.00 53.00 30.00 54.00 69.00 40.00 43.00 50.00 59.00 79.00 65.00 63.00 71.00 55.00 36.00 84.00 65.00 79.00 88.00 70.00 41.00 19.00 42.00 66.00 111.00 114.00 44.00 70.00 69.00 74.00 79.00 69.00 39.00 83.00 72.00 81.00 93.00 103.00 16.00 12.00 65.00 60.00 43.00 80.00 86.00 30.00 42.00 3.00 42.00 54.00 89.00 38.00 33.00 100.00 29.00 72.00 72.00 74.00 14.00 74.00 75.00 58.00 124.00 102.00 74.00 52.00 62.00 79.00 45.00 66.00 64.00 61.00 98.00 112.00 98.00 36.00 33.00 57.00 47.00 82.00 91.00
79.00 93.00 60.00 77.00 105.00 80.00 79.00 50.00 32.00 0.00 79.00 85.00 71.00 59.00 68.00 75.00 78.00 75.00 115.00 95.00 53.00 8.00 54.00 27.00 82.00 77.00 105.00 99.00 18.00 46.00 39.00 45.00 76.00 61.00 84.00 93.00 84.00 72.00 74.00 56.00 67.00 67.00 78.00 102.00 95.00 160.00 102.00 77.00 86.00 51.00 98.00 136.00 81.00 98.00 89.00 80.00 118.00 99.00 79.00 77.00 93.00 85.00 64.00 105.00 112.00 105.00 69.00 43.00 71.00 85.00 92.00 93.00 73.00 44.00 49.00 59.00 92.00 75.00 46.00 80.00 68.00 80.00 104.00 57.00 74.00 52.00 52.00 59.00 100.00 75.00 60.00 43.00 50.00 37.00 95.00 86.00 63.00 89.00 71.00 15.00 35.00 67.00 90.00 73.00 63.00 76.00 85.00 83.00 86.00 83.00 83.00 66.00 61.00 63.00 38.00 89.00 58.00 68.00 87.00 86.00 65.00 62.00 54.00 69.00 53.00 75.00 82.00 91.00 88.00 71.00 86.00 90.00 30.00 49.00 73.00 74.00 96.00 63.00 102.00 73.00 51.00 74.00 85.00 124.00 103.00 19.00 45.00 92.00 74.00 75.00 65.00 71.00 83.00 72.00 83.00 108.00 95.00 48.00 44.00 97.00 83.00 75.00 112.00 54.00 62.00 74.00 35.00 74.00 35.00 82.00 44.00 58.00 132.00 61.00 85.00 104.00 74.00 46.00 42.00 43.00 80.00 151.00 134.00 106.00 84.00 62.00 84.00 45.00 86.00 90.00 64.00 120.00 139.00 125.00 51.00 56.00 89.00 79.00 95.00 123.00
118.00 81.00 82.00 101.00 124.00 65.00 94.00 91.00 79.00 79.00 0.00 42.00 42.00 71.00 77.00 78.00 74.00 112.00 101.00 81.00 102.00 87.00 83.00 76.00 87.00 75.00 76.00 96.00 77.00 85.00 80.00 74.00 86.00 87.00 80.00 67.00 5.00 56.00 37.00 65.00 28.00 88.00 75.00 81.00 96.00 144.00 86.00 61.00 52.00 87.00 95.00 131.00 60.00 118.00 52.00 81.00 122.00 103.00 75.00 84.00 131.00 88.00 67.00 26.00 59.00 91.00 97.00 85.00 94.00 77.00 96.00 64.00 74.00 86.00 91.00 55.00 88.00 99.00 88.00 33.00 82.00 87.00 100.00 57.00 74.00 61.00 71.00 60.00 100.00 72.00 56.00 78.00 71.00 58.00 83.00 78.00 89.00 93.00 75.00 72.00 86.00 95.00 61.00 44.00 60.00 82.00 71.00 54.00 87.00 93.00 90.00 46.00 41.00 24.00 79.00 85.00 91.00 91.00 59.00 47.00 26.00 52.00 33.00 48.00 73.00 65.00 58.00 75.00 74.00 91.00 96.00 99.00 72.00 77.00 97.00 78.00 84.00 65.00 105.00 82.00 60.00 110.00 61.00 95.00 93.00 68.00 57.00 97.00 47.00 55.00 45.00 71.00 76.00 65.00 54.00 88.00 87.00 74.00 70.00 93.00 75.00 75.00 110.00 113.00 81.00 70.00 76.00 115.00 84.00 65.00 51.00 91.00 144.00 90.00 85.00 127.00 125.00 65.00 101.00 102.00 82.00 143.00 96.00 68.00 46.00 81.00 79.00 42.00 83.00 86.00 85.00 141.00 141.00 144.00 94.00 66.00 65.00 105.00 123.00 162.00
97.00 92.00 59.00 80.00 99.00 50.00 79.00 68.00 56.00 85.00 42.00 0.00 14.00 48.00 54.00 61.00 64.00 102.00 114.00 94.00 95.00 93.00 72.00 74.00 45.00 54.00 107.00 70.00 76.00 74.00 57.00 63.00 76.00 69.00 66.00 88.00 47.00 93.00 60.00 88.00 59.00 94.00 65.00 84.00 86.00 102.00 44.00 19.00 10.00 50.00 110.00 120.00 76.00 97.00 75.00 94.00 109.00 94.00 65.00 88.00 96.00 71.00 50.00 58.00 91.00 98.00 73.00 90.00 86.00 69.00 71.00 35.00 64.00 91.00 91.00 45.00 78.00 82.00 93.00 23.00 67.00 88.00 61.00 47.00 64.00 36.00 48.00 50.00 90.00 62.00 46.00 68.00 70.00 57.00 55.00 64.00 71.00 118.00 100.00 70.00 76.00 66.00 32.00 15.00 31.00 53.00 87.00 26.00 77.00 81.00 78.00 62.00 57.00 55.00 56.00 75.00 62.00 52.00 20.00 32.00 53.00 42.00 64.00 79.00 68.00 55.00 48.00 65.00 87.00 70.00 86.00 89.00 77.00 64.00 115.00 103.00 56.00 84.00 72.00 59.00 37.00 74.00 22.00 67.00 96.00 66.00 62.00 55.00 74.00 43.00 53.00 61.00 83.00 90.00 85.00 86.00 77.00 48.00 52.00 54.00 36.00 60.00 71.00 112.00 49.00 60.00 53.00 92.00 77.00 97.00 64.00 83.00 134.00 79.00 57.00 94.00 102.00 42.00 100.00 101.00 69.00 104.00 54.00 26.00 4.00 39.00 64.00 63.00 98.00 102.00 68.00 124.00 112.00 121.00 79.00 56.00 55.00 79.00 99.00 141.00
96.00 89.00 68.00 89.00 86.00 64.00 93.00 70.00 58.00 71.00 42.00 14.00 0.00 62.00 63.00 54.00 50.00 88.00 109.00 89.00 81.00 79.00 59.00 60.00 59.00 51.00 104.00 56.00 63.00 88.00 56.00 50.00 62.00 63.00 52.00 75.00 47.00 82.00 69.00 97.00 70.00 95.00 51.00 70.00 72.00 116.00 58.00 33.00 24.00 59.00 99.00 133.00 62.00 106.00 84.00 88.00 95.00 93.00 51.00 101.00 105.00 80.00 59.00 68.00 101.00 84.00 59.00 76.00 78.00 61.00 58.00 22.00 50.00 84.00 89.00 31.00 64.00 87.00 96.00 9.00 80.00 102.00 75.00 33.00 50.00 45.00 57.00 36.00 76.00 48.00 32.00 70.00 57.00 44.00 41.00 50.00 65.00 109.00 91.00 56.00 76.00 75.00 19.00 2.00 18.00 40.00 79.00 12.00 63.00 90.00 87.00 54.00 49.00 66.00 58.00 61.00 76.00 66.00 34.00 46.00 67.00 28.00 75.00 74.00 77.00 41.00 34.00 51.00 82.00 79.00 72.00 75.00 80.00 73.00 101.00 94.00 42.00 73.00 81.00 59.00 46.00 86.00 36.00 53.00 82.00 52.00 65.00 69.00 88.00 35.00 45.00 47.00 70.00 81.00 92.00 72.00 63.00 50.00 46.00 68.00 50.00 74.00 85.00 99.00 58.00 46.00 55.00 94.00 63.00 107.00 51.00 85.00 120.00 66.00 43.00 103.00 111.00 51.00 87.00 88.00 56.00 118.00 63.00 35.00 13.00 48.00 78.00 72.00 87.00 91.00 82.00 130.00 99.00 113.00 92.00 42.00 41.00 81.00 85.00 140.00
107.00 70.00 89.00 110.00 121.00 58.00 87.00 96.00 84.00 59.00 71.00 48.00 62.00 0.00 81.00 85.00 81.00 74.00 80.00 60.00 92.00 67.00 90.00 86.00 54.00 42.00 99.00 87.00 77.00 82.00 85.00 81.00 93.00 94.00 83.00 60.00 76.00 109.00 60.00 88.00 51.00 78.00 60.00 92.00 102.00 130.00 72.00 47.00 38.00 16.00 76.00 114.00 78.00 63.00 75.00 79.00 121.00 102.00 82.00 76.00 84.00 109.00 88.00 66.00 99.00 117.00 68.00 102.00 101.00 84.00 98.00 63.00 58.00 43.00 48.00 62.00 95.00 110.00 45.00 71.00 75.00 79.00 65.00 64.00 81.00 76.00 76.00 67.00 104.00 63.00 63.00 83.00 94.00 81.00 72.00 81.00 70.00 93.00 75.00 74.00 75.00 32.00 60.00 63.00 67.00 45.00 60.00 74.00 45.00 97.00 94.00 35.00 30.00 47.00 84.00 92.00 70.00 60.00 28.00 40.00 49.00 65.00 56.00 66.00 52.00 84.00 77.00 60.00 53.00 36.00 97.00 89.00 29.00 48.00 97.00 78.00 73.00 104.00 81.00 78.00 75.00 78.00 26.00 86.00 115.00 78.00 14.00 64.00 70.00 44.00 34.00 78.00 92.00 85.00 77.00 86.00 125.00 76.00 77.00 58.00 40.00 68.00 75.00 113.00 73.00 77.00 81.00 120.00 88.00 105.00 74.00 57.00 102.00 97.00 84.00 103.00 130.00 70.00 101.00 102.00 79.00 108.00 102.00 74.00 52.00 27.00 72.00 65.00 64.00 68.00 74.00 130.00 160.00 147.00 87.00 67.00 84.00 107.00 94.00 151.00
77.00 72.00 39.00 60.00 88.00 90.00 77.00 48.00 36.00 68.00 77.00 54.00 63.00 81.00 0.00 23.00 27.00 65.00 122.00 102.00 90.00 76.00 52.00 77.00 78.00 66.00 103.00 87.00 76.00 85.00 37.00 43.00 77.00 59.00 109.00 113.00 82.00 114.00 40.00 68.00 57.00 76.00 66.00 98.00 93.00 156.00 98.00 73.00 64.00 92.00 93.00 131.00 79.00 122.00 55.00 84.00 127.00 108.00 66.00 53.00 94.00 51.00 30.00 99.00 110.00 123.00 53.00 93.00 68.00 51.00 70.00 81.00 65.00 66.00 71.00 46.00 72.00 62.00 68.00 68.00 66.00 56.00 83.00 48.00 65.00 18.00 28.00 51.00 91.00 63.00 47.00 48.00 74.00 61.00 101.00 107.00 61.00 98.00 80.00 73.00 56.00 99.00 78.00 61.00 77.00 94.00 94.00 75.00 78.00 62.00 60.00 75.00 70.00 53.00 36.00 76.00 78.00 68.00 74.00 72.00 51.00 49.00 52.00 67.00 29.00 73.00 80.00 79.00 106.00 95.00 87.00 90.00 52.00 33.00 102.00 83.00 102.00 112.00 68.00 39.00 17.00 72.00 76.00 116.00 125.00 69.00 67.00 85.00 72.00 84.00 74.00 51.00 81.00 70.00 81.00 91.00 107.00 46.00 42.00 90.00 84.00 73.00 92.00 98.00 38.00 61.00 33.00 72.00 78.00 108.00 68.00 63.00 125.00 59.00 69.00 90.00 82.00 22.00 86.00 87.00 56.00 139.00 100.00 72.00 50.00 81.00 82.00 43.00 81.00 85.00 79.00 118.00 115.00 101.00 72.00 57.00 87.00 77.00 79.00 121.00
84.00 79.00 46.00 67.00 95.00 97.00 84.00 55.00 43.00 75.00 78.00 61.00 54.00 85.00 23.00 0.00 4.00 42.00 103.00 98.00 73.00 83.00 51.00 79.00 55.00 43.00 109.00 64.00 76.00 79.00 44.00 42.00 54.00 55.00 92.00 102.00 83.00 93.00 47.00 75.00 64.00 83.00 43.00 75.00 99.00 154.00 96.00 71.00 71.00 69.00 99.00 137.00 86.00 116.00 62.00 80.00 108.00 89.00 43.00 76.00 101.00 58.00 37.00 104.00 106.00 138.00 71.00 95.00 75.00 58.00 77.00 76.00 42.00 76.00 81.00 23.00 56.00 69.00 82.00 45.00 72.00 79.00 73.00 25.00 42.00 25.00 35.00 28.00 68.00 40.00 24.00 55.00 70.00 57.00 95.00 90.00 57.00 105.00 87.00 75.00 63.00 85.00 73.00 56.00 72.00 71.00 101.00 66.00 55.00 69.00 67.00 82.00 77.00 60.00 43.00 53.00 67.00 57.00 77.00 79.00 58.00 26.00 59.00 74.00 52.00 72.00 70.00 56.00 95.00 89.00 64.00 67.00 70.00 51.00 93.00 90.00 96.00 89.00 73.00 46.00 24.00 79.00 75.00 107.00 136.00 71.00 75.00 65.00 79.00 89.00 81.00 39.00 86.00 77.00 88.00 98.00 99.00 42.00 38.00 79.00 61.00 79.00 80.00 100.00 45.00 38.00 40.00 79.00 55.00 115.00 64.00 70.00 112.00 58.00 73.00 95.00 89.00 29.00 88.00 89.00 63.00 129.00 107.00 79.00 57.00 58.00 89.00 50.00 87.00 83.00 73.00 125.00 122.00 108.00 79.00 34.00 69.00 73.00 97.00 128.00
84.00 83.00 50.00 71.00 99.00 100.00 87.00 58.00 46.00 78.00 74.00 64.00 50.00 81.00 27.00 4.00 0.00 38.00 99.00 94.00 69.00 86.00 47.00 75.00 51.00 39.00 105.00 60.00 72.00 83.00 44.00 38.00 50.00 51.00 88.00 106.00 79.00 89.00 51.00 79.00 67.00 83.00 39.00 71.00 95.00 150.00 92.00 67.00 74.00 65.00 95.00 133.00 90.00 112.00 66.00 76.00 104.00 85.00 39.00 80.00 105.00 62.00 41.00 100.00 102.00 134.00 75.00 91.00 79.00 62.00 78.00 72.00 38.00 72.00 77.00 19.00 52.00 73.00 85.00 41.00 68.00 83.00 69.00 21.00 38.00 29.00 39.00 24.00 64.00 36.00 20.00 58.00 66.00 53.00 91.00 86.00 53.00 108.00 90.00 71.00 66.00 81.00 69.00 52.00 68.00 67.00 101.00 62.00 51.00 73.00 71.00 85.00 80.00 63.00 46.00 49.00 71.00 61.00 73.00 82.00 61.00 22.00 63.00 78.00 56.00 68.00 66.00 52.00 99.00 85.00 60.00 63.00 74.00 55.00 89.00 87.00 92.00 93.00 69.00 47.00 28.00 82.00 71.00 103.00 132.00 67.00 71.00 61.00 82.00 85.00 83.00 35.00 82.00 81.00 92.00 102.00 95.00 38.00 34.00 75.00 57.00 75.00 76.00 96.00 49.00 34.00 43.00 82.00 51.00 119.00 60.00 73.00 108.00 54.00 69.00 91.00 93.00 33.00 84.00 85.00 67.00 125.00 111.00 83.00 61.00 54.00 93.00 54.00 83.00 79.00 77.00 127.00 126.00 112.00 82.00 30.00 65.00 69.00 101.00 128.00
122.00 115.00 88.00 109.00 137.00 132.00 125.00 96.00 84.00 75.00 112.00 102.00 88.00 74.00 65.00 42.00 38.00 0.00 61.00 81.00 107.00 83.00 85.00 102.00 89.00 77.00 143.00 98.00 93.00 115.00 82.00 76.00 88.00 89.00 126.00 95.00 117.00 127.00 89.00 117.00 97.00 121.00 77.00 109.00 125.00 188.00 130.00 105.00 112.00 90.00 124.00 162.00 115.00 132.00 104.00 95.00 142.00 123.00 77.00 92.00 143.00 100.00 79.00 138.00 140.00 154.00 84.00 118.00 117.00 100.00 116.00 109.00 76.00 59.00 64.00 57.00 90.00 111.00 61.00 79.00 106.00 95.00 107.00 59.00 76.00 67.00 77.00 62.00 102.00 74.00 58.00 96.00 104.00 91.00 129.00 124.00 91.00 141.00 123.00 90.00 104.00 106.00 106.00 90.00 106.00 85.00 106.00 100.00 89.00 111.00 109.00 81.00 76.00 93.00 84.00 87.00 103.00 99.00 102.00 114.00 95.00 60.00 101.00 112.00 68.00 94.00 87.00 70.00 88.00 105.00 98.00 101.00 45.00 64.00 127.00 125.00 130.00 131.00 107.00 85.00 66.00 105.00 100.00 141.00 156.00 94.00 60.00 99.00 116.00 90.00 80.00 73.00 102.00 113.00 123.00 140.00 133.00 76.00 72.00 113.00 95.00 113.00 114.00 99.00 87.00 72.00 81.00 120.00 89.00 151.00 98.00 73.00 146.00 92.00 100.00 129.00 131.00 71.00 89.00 88.00 95.00 163.00 149.00 121.00 99.00 92.00 131.00 92.00 112.00 116.00 97.00 153.00 164.00 150.00 120.00 68.00 94.00 107.00 110.00 166.00
80.00 54.00 87.00 108.00 136.00 127.00 132.00 104.00 92.00 115.00 101.00 114.00 109.00 80.00 122.00 103.00 99.00 61.00 0.00 20.00 113.00 123.00 108.00 96.00 102.00 90.00 126.00 85.00 115.00 87.00 93.00 99.00 126.00 97.00 82.00 34.00 96.00 112.00 102.00 130.00 104.00 109.00 99.00 104.00 115.00 194.00 138.00 113.00 107.00 64.00 92.00 130.00 124.00 71.00 117.00 122.00 125.00 111.00 115.00 110.00 132.00 139.00 118.00 117.00 148.00 177.00 107.00 123.00 135.00 118.00 123.00 87.00 95.00 96.00 101.00 95.00 120.00 110.00 81.00 117.00 88.00 107.00 80.00 93.00 110.00 106.00 106.00 96.00 136.00 102.00 96.00 99.00 110.00 97.00 93.00 84.00 78.00 101.00 83.00 108.00 91.00 48.00 90.00 107.00 98.00 76.00 114.00 121.00 82.00 110.00 113.00 89.00 94.00 100.00 92.00 111.00 75.00 65.00 97.00 109.00 102.00 98.00 109.00 124.00 120.00 110.00 103.00 86.00 27.00 44.00 127.00 139.00 97.00 116.00 105.00 86.00 94.00 103.00 129.00 119.00 105.00 121.00 99.00 159.00 179.00 104.00 94.00 112.00 123.00 106.00 98.00 107.00 104.00 93.00 104.00 102.00 125.00 84.00 80.00 87.00 105.00 81.00 90.00 145.00 116.00 88.00 89.00 128.00 120.00 90.00 104.00 93.00 139.00 115.00 91.00 151.00 160.00 100.00 135.00 134.00 113.00 131.00 152.00 132.00 110.00 75.00 112.00 118.00 80.00 84.00 81.00 137.00 168.00 154.00 107.00 102.00 110.00 115.00 133.00 124.00
60.00 34.00 67.00 88.00 116.00 107.00 112.00 84.00 72.00 95.00 81.00 94.00 89.00 60.00 102.00 98.00 94.00 81.00 20.00 0.00 93.00 103.00 88.00 103.00 82.00 70.00 106.00 65.00 95.00 67.00 73.00 79.00 106.00 77.00 62.00 14.00 76.00 92.00 82.00 110.00 95.00 89.00 79.00 84.00 95.00 174.00 118.00 93.00 87.00 44.00 72.00 110.00 104.00 51.00 97.00 102.00 105.00 91.00 95.00 90.00 112.00 119.00 98.00 97.00 128.00 157.00 87.00 103.00 115.00 98.00 103.00 67.00 75.00 76.00 81.00 75.00 100.00 90.00 61.00 97.00 68.00 87.00 60.00 73.00 90.00 86.00 86.00 76.00 116.00 82.00 76.00 79.00 90.00 77.00 73.00 64.00 58.00 81.00 63.00 91.00 71.00 28.00 70.00 87.00 78.00 56.00 94.00 101.00 62.00 90.00 93.00 69.00 74.00 91.00 72.00 91.00 55.00 45.00 77.00 89.00 93.00 78.00 100.00 106.00 100.00 90.00 83.00 66.00 7.00 24.00 107.00 119.00 77.00 96.00 85.00 66.00 74.00 83.00 109.00 99.00 85.00 101.00 79.00 139.00 159.00 95.00 74.00 92.00 103.00 86.00 78.00 87.00 84.00 73.00 84.00 82.00 105.00 64.00 60.00 67.00 85.00 61.00 70.00 125.00 96.00 90.00 69.00 108.00 103.00 70.00 84.00 73.00 119.00 95.00 71.00 131.00 140.00 80.00 115.00 114.00 93.00 111.00 132.00 112.00 90.00 55.00 92.00 100.00 60.00 64.00 61.00 117.00 148.00 134.00 87.00 82.00 90.00 95.00 113.00 104.00
105.00 89.00 56.00 77.00 105.00 91.00 95.00 84.00 72.00 53.00 102.00 95.00 81.00 92.00 90.00 73.00 69.00 107.00 113.00 93.00 0.00 61.00 68.00 42.00 82.00 70.00 88.00 89.00 71.00 99.00 65.00 59.00 81.00 78.00 99.00 103.00 97.00 87.00 91.00 109.00 80.00 14.00 70.00 102.00 116.00 177.00 119.00 94.00 92.00 91.00 55.00 93.00 96.00 106.00 106.00 103.00 66.00 47.00 70.00 119.00 40.00 76.00 86.00 76.00 109.00 120.00 71.00 58.00 94.00 91.00 99.00 95.00 59.00 93.00 98.00 50.00 83.00 79.00 99.00 72.00 89.00 118.00 91.00 48.00 65.00 72.00 73.00 45.00 91.00 67.00 51.00 66.00 71.00 58.00 110.00 101.00 80.00 93.00 75.00 38.00 58.00 75.00 92.00 83.00 84.00 90.00 32.00 93.00 72.00 33.00 30.00 57.00 62.00 78.00 72.00 80.00 95.00 85.00 82.00 94.00 80.00 53.00 69.00 84.00 95.00 89.00 92.00 75.00 96.00 79.00 69.00 94.00 83.00 91.00 56.00 75.00 111.00 78.00 96.00 74.00 73.00 108.00 80.00 134.00 118.00 34.00 78.00 92.00 86.00 76.00 66.00 62.00 88.00 77.00 66.00 123.00 126.00 65.00 61.00 84.00 66.00 96.00 101.00 107.00 94.00 65.00 69.00 108.00 18.00 102.00 65.00 99.00 129.00 75.00 87.00 118.00 127.00 78.00 95.00 96.00 96.00 134.00 144.00 116.00 94.00 85.00 99.00 60.00 43.00 47.00 96.00 148.00 147.00 133.00 74.00 39.00 99.00 96.00 97.00 149.00
87.00 101.00 68.00 85.00 113.00 88.00 87.00 58.00 40.00 8.00 87.00 93.00 79.00 67.00 76.00 83.00 86.00 83.00 123.00 103.00 61.00 0.00 62.00 35.00 90.00 85.00 113.00 107.00 26.00 54.00 47.00 53.00 84.00 69.00 92.00 101.00 92.00 80.00 82.00 64.00 75.00 75.00 86.00 110.00 103.00 168.00 110.00 85.00 94.00 59.00 106.00 144.00 89.00 106.00 97.00 88.00 126.00 107.00 87.00 85.00 101.00 93.00 72.00 113.00 120.00 113.00 77.00 51.00 79.00 93.00 100.00 101.00 81.00 52.00 57.00 67.00 100.00 83.00 54.00 88.00 76.00 88.00 112.00 65.00 82.00 60.00 60.00 67.00 108.00 83.00 68.00 51.00 58.00 45.00 103.00 94.00 71.00 97.00 79.00 23.00 43.00 75.00 98.00 81.00 71.00 84.00 93.00 91.00 94.00 91.00 91.00 74.00 69.00 71.00 46.00 97.00 66.00 76.00 95.00 94.00 73.00 70.00 62.00 77.00 61.00 83.00 90.00 99.00 96.00 79.00 94.00 98.00 38.00 57.00 81.00 82.00 104.00 71.00 110.00 81.00 59.00 82.00 93.00 132.00 111.00 27.00 53.00 100.00 82.00 83.00 73.00 79.00 91.00 80.00 91.00 116.00 103.00 56.00 52.00 105.00 91.00 83.00 120.00 62.00 70.00 82.00 43.00 82.00 43.00 90.00 52.00 66.00 140.00 69.00 93.00 112.00 82.00 54.00 50.00 51.00 88.00 159.00 142.00 114.00 92.00 70.00 92.00 53.00 94.00 98.00 72.00 128.00 147.00 133.00 59.00 64.00 97.00 87.00 103.00 131.00
46.00 83.00 57.00 68.00 84.00 87.00 63.00 34.00 22.00 54.00 83.00 72.00 59.00 90.00 52.00 51.00 47.00 85.00 108.00 88.00 68.00 62.00 0.00 74.00 60.00 48.00 89.00 69.00 66.00 57.00 15.00 9.00 59.00 45.00 82.00 100.00 88.00 86.00 58.00 86.00 75.00 82.00 48.00 80.00 70.00 144.00 86.00 61.00 70.00 74.00 94.00 132.00 74.00 108.00 73.00 70.00 113.00 94.00 48.00 80.00 108.00 69.00 48.00 109.00 96.00 128.00 72.00 90.00 86.00 69.00 56.00 81.00 37.00 71.00 76.00 28.00 61.00 66.00 61.00 50.00 44.00 83.00 74.00 26.00 43.00 36.00 36.00 23.00 69.00 45.00 29.00 34.00 60.00 47.00 89.00 80.00 47.00 102.00 84.00 62.00 42.00 85.00 78.00 61.00 73.00 61.00 100.00 71.00 50.00 80.00 78.00 88.00 83.00 71.00 22.00 58.00 45.00 55.00 72.00 79.00 69.00 31.00 70.00 85.00 56.00 39.00 46.00 46.00 93.00 81.00 59.00 72.00 71.00 52.00 77.00 81.00 90.00 95.00 74.00 52.00 35.00 58.00 70.00 112.00 130.00 66.00 76.00 70.00 90.00 89.00 79.00 40.00 78.00 88.00 97.00 102.00 104.00 32.00 28.00 74.00 56.00 51.00 81.00 102.00 46.00 43.00 19.00 58.00 50.00 105.00 54.00 49.00 96.00 25.00 71.00 85.00 90.00 30.00 90.00 91.00 74.00 124.00 118.00 90.00 68.00 63.00 87.00 61.00 82.00 86.00 39.00 95.00 126.00 112.00 58.00 29.00 53.00 63.00 97.00 90.00
99.00 90.00 57.00 74.00 102.00 77.00 99.00 70.00 52.00 27.00 76.00 74.00 60.00 86.00 77.00 79.00 75.00 102.00 96.00 103.00 42.00 35.00 74.00 0.00 55.00 67.00 94.00 97.00 45.00 73.00 59.00 65.00 87.00 68.00 70.00 103.00 81.00 58.00 65.00 83.00 56.00 56.00 76.00 91.00 115.00 164.00 106.00 81.00 84.00 78.00 87.00 125.00 70.00 106.00 80.00 93.00 108.00 89.00 76.00 104.00 82.00 94.00 73.00 102.00 119.00 94.00 87.00 32.00 68.00 85.00 101.00 82.00 65.00 71.00 76.00 56.00 89.00 72.00 73.00 69.00 88.00 107.00 97.00 54.00 71.00 61.00 71.00 51.00 97.00 73.00 57.00 40.00 45.00 32.00 81.00 72.00 70.00 86.00 68.00 12.00 32.00 75.00 79.00 62.00 58.00 80.00 74.00 72.00 78.00 75.00 72.00 74.00 69.00 52.00 58.00 86.00 81.00 71.00 87.00 75.00 54.00 59.00 43.00 58.00 80.00 95.00 94.00 81.00 96.00 79.00 75.00 100.00 57.00 76.00 62.00 71.00 82.00 49.00 82.00 80.00 60.00 94.00 86.00 113.00 92.00 8.00 72.00 65.00 63.00 83.00 73.00 68.00 72.00 61.00 72.00 94.00 122.00 55.00 51.00 90.00 72.00 95.00 107.00 81.00 81.00 71.00 55.00 94.00 24.00 79.00 39.00 79.00 135.00 81.00 97.00 104.00 101.00 65.00 69.00 70.00 90.00 140.00 123.00 95.00 73.00 82.00 73.00 34.00 75.00 79.00 87.00 137.00 134.00 120.00 48.00 45.00 101.00 86.00 113.00 143.00
97.00 116.00 94.00 96.00 119.00 75.00 100.00 71.00 59.00 82.00 87.00 45.00 59.00 54.00 78.00 55.00 51.00 89.00 102.00 82.00 82.00 90.00 60.00 55.00 0.00 12.00 78.00 73.00 85.00 99.00 57.00 51.00 63.00 64.00 88.00 82.00 92.00 76.00 85.00 113.00 80.00 96.00 52.00 84.00 108.00 109.00 51.00 26.00 35.00 38.00 98.00 136.00 74.00 85.00 100.00 89.00 117.00 98.00 52.00 85.00 84.00 106.00 85.00 83.00 115.00 138.00 98.00 87.00 100.00 83.00 91.00 80.00 51.00 84.00 79.00 32.00 65.00 98.00 98.00 54.00 81.00 82.00 82.00 34.00 51.00 73.00 65.00 37.00 77.00 49.00 33.00 71.00 79.00 66.00 94.00 90.00 66.00 87.00 97.00 67.00 79.00 54.00 77.00 60.00 76.00 80.00 112.00 71.00 64.00 115.00 112.00 87.00 82.00 76.00 59.00 62.00 87.00 77.00 45.00 57.00 74.00 35.00 77.00 62.00 93.00 81.00 79.00 65.00 75.00 58.00 73.00 76.00 83.00 89.00 102.00 100.00 95.00 67.00 27.00 56.00 72.00 95.00 47.00 107.00 136.00 63.00 68.00 10.00 76.00 68.00 78.00 48.00 95.00 106.00 100.00 108.00 108.00 51.00 47.00 79.00 61.00 85.00 89.00 109.00 83.00 47.00 56.00 95.00 64.00 92.00 73.00 86.00 121.00 67.00 82.00 49.00 93.00 67.00 97.00 98.00 88.00 129.00 99.00 71.00 49.00 27.00 89.00 86.00 86.00 90.00 93.00 140.00 154.00 140.00 95.00 43.00 86.00 82.00 124.00 141.00
85.00 104.00 82.00 84.00 107.00 87.00 88.00 59.00 47.00 77.00 75.00 54.00 51.00 42.00 66.00 43.00 39.00 77.00 90.00 70.00 70.00 85.00 48.00 67.00 12.00 0.00 66.00 61.00 73.00 93.00 45.00 39.00 51.00 52.00 89.00 70.00 80.00 88.00 73.00 101.00 68.00 84.00 40.00 72.00 96.00 121.00 63.00 38.00 47.00 26.00 86.00 124.00 62.00 73.00 88.00 77.00 105.00 86.00 40.00 97.00 72.00 94.00 73.00 95.00 103.00 135.00 86.00 92.00 88.00 71.00 79.00 73.00 39.00 72.00 67.00 20.00 53.00 86.00 86.00 42.00 69.00 94.00 70.00 22.00 39.00 61.00 53.00 25.00 65.00 37.00 21.00 59.00 67.00 54.00 82.00 87.00 54.00 75.00 85.00 72.00 67.00 42.00 70.00 53.00 69.00 68.00 102.00 63.00 52.00 103.00 100.00 77.00 72.00 64.00 47.00 50.00 86.00 89.00 57.00 69.00 62.00 23.00 65.00 50.00 81.00 69.00 67.00 53.00 63.00 46.00 61.00 64.00 71.00 77.00 90.00 88.00 83.00 79.00 39.00 48.00 60.00 83.00 59.00 104.00 133.00 68.00 56.00 22.00 74.00 80.00 76.00 36.00 83.00 94.00 88.00 96.00 96.00 39.00 35.00 76.00 58.00 76.00 77.00 97.00 71.00 35.00 44.00 83.00 52.00 80.00 61.00 74.00 109.00 55.00 70.00 61.00 105.00 55.00 85.00 86.00 76.00 126.00 100.00 72.00 50.00 15.00 101.00 74.00 74.00 78.00 87.00 128.00 142.00 128.00 83.00 31.00 74.00 70.00 112.00 129.00
114.00 109.00 84.00 69.00 97.00 81.00 110.00 85.00 73.00 105.00 76.00 107.00 104.00 99.00 103.00 109.00 105.00 143.00 126.00 106.00 88.00 113.00 89.00 94.00 78.00 66.00 0.00 48.00 105.00 122.00 74.00 80.00 117.00 96.00 120.00 106.00 81.00 118.00 65.00 92.00 48.00 74.00 75.00 107.00 130.00 187.00 129.00 104.00 97.00 92.00 106.00 144.00 84.00 109.00 80.00 109.00 90.00 71.00 99.00 116.00 109.00 104.00 99.00 102.00 135.00 144.00 121.00 110.00 122.00 105.00 96.00 102.00 105.00 114.00 119.00 86.00 103.00 67.00 112.00 108.00 103.00 119.00 128.00 88.00 105.00 87.00 87.00 91.00 113.00 72.00 87.00 85.00 76.00 86.00 111.00 118.00 72.00 61.00 43.00 90.00 93.00 86.00 99.00 106.00 112.00 91.00 92.00 92.00 118.00 61.00 58.00 74.00 69.00 52.00 73.00 89.00 119.00 113.00 87.00 75.00 54.00 89.00 61.00 76.00 101.00 100.00 93.00 76.00 99.00 82.00 101.00 130.00 100.00 103.00 65.00 46.00 110.00 127.00 105.00 108.00 86.00 109.00 89.00 133.00 146.00 86.00 85.00 88.00 75.00 83.00 73.00 102.00 44.00 33.00 22.00 99.00 131.00 83.00 79.00 121.00 103.00 103.00 138.00 133.00 97.00 101.00 70.00 109.00 102.00 141.00 79.00 100.00 146.00 96.00 105.00 127.00 141.00 81.00 123.00 122.00 110.00 169.00 159.00 133.00 111.00 81.00 99.00 60.00 94.00 90.00 113.00 142.00 139.00 125.00 109.00 96.00 100.00 114.00 147.00 158.00
106.00 99.00 101.00 102.00 113.00 118.00 89.00 79.00 67.00 99.00 96.00 70.00 56.00 87.00 87.00 64.00 60.00 98.00 85.00 65.00 89.00 107.00 69.00 97.00 73.00 61.00 48.00 0.00 82.00 105.00 66.00 60.00 70.00 72.00 81.00 79.00 101.00 111.00 94.00 120.00 89.00 75.00 27.00 59.00 95.00 149.00 91.00 88.00 80.00 71.00 58.00 96.00 85.00 109.00 109.00 97.00 121.00 102.00 59.00 117.00 117.00 114.00 93.00 122.00 123.00 116.00 73.00 113.00 109.00 92.00 85.00 78.00 60.00 94.00 99.00 41.00 74.00 100.00 106.00 63.00 90.00 118.00 91.00 43.00 60.00 81.00 74.00 46.00 65.00 24.00 40.00 68.00 87.00 74.00 73.00 79.00 74.00 109.00 91.00 93.00 76.00 78.00 75.00 58.00 74.00 55.00 93.00 44.00 73.00 94.00 91.00 73.00 78.00 85.00 67.00 69.00 93.00 83.00 90.00 102.00 83.00 44.00 94.00 92.00 97.00 64.00 57.00 40.00 72.00 82.00 82.00 83.00 101.00 93.00 111.00 94.00 74.00 102.00 91.00 69.00 80.00 75.00 92.00 85.00 114.00 89.00 86.00 83.00 81.00 91.00 82.00 57.00 72.00 81.00 70.00 101.00 117.00 59.00 55.00 97.00 79.00 97.00 98.00 103.00 91.00 54.00 64.00 103.00 73.00 122.00 81.00 94.00 98.00 76.00 57.00 113.00 135.00 75.00 93.00 92.00 97.00 147.00 119.00 91.00 69.00 60.00 106.00 87.00 46.00 42.00 91.00 147.00 155.00 149.00 92.00 52.00 64.00 90.00 99.00 150.00
91.00 110.00 78.00 78.00 105.00 90.00 91.00 62.00 50.00 18.00 77.00 76.00 63.00 77.00 76.00 76.00 72.00 93.00 115.00 95.00 71.00 26.00 66.00 45.00 85.00 73.00 105.00 82.00 0.00 28.00 51.00 57.00 58.00 55.00 87.00 95.00 82.00 57.00 62.00 38.00 57.00 82.00 72.00 104.00 107.00 154.00 96.00 71.00 80.00 69.00 91.00 129.00 89.00 116.00 77.00 80.00 130.00 115.00 73.00 95.00 111.00 93.00 72.00 103.00 106.00 123.00 87.00 61.00 89.00 93.00 98.00 81.00 68.00 62.00 67.00 53.00 86.00 80.00 64.00 72.00 80.00 98.00 98.00 51.00 68.00 60.00 64.00 54.00 94.00 69.00 54.00 61.00 32.00 19.00 98.00 89.00 57.00 107.00 89.00 33.00 53.00 85.00 78.00 61.00 45.00 67.00 100.00 75.00 81.00 69.00 66.00 75.00 70.00 53.00 50.00 76.00 40.00 50.00 82.00 72.00 51.00 56.00 62.00 77.00 71.00 87.00 94.00 82.00 88.00 89.00 90.00 93.00 48.00 67.00 91.00 91.00 99.00 66.00 99.00 77.00 59.00 86.00 84.00 116.00 121.00 37.00 63.00 95.00 72.00 84.00 74.00 65.00 101.00 90.00 83.00 111.00 77.00 42.00 38.00 91.00 87.00 87.00 106.00 36.00 74.00 68.00 47.00 86.00 53.00 100.00 26.00 66.00 138.00 73.00 76.00 116.00 92.00 58.00 24.00 25.00 98.00 155.00 117.00 94.00 72.00 80.00 102.00 63.00 79.00 75.00 46.00 102.00 121.00 107.00 69.00 60.00 101.00 73.00 101.00 135.00
88.00 84.00 51.00 72.00 100.00 69.00 96.00 67.00 55.00 46.00 85.00 74.00 88.00 82.00 85.00 79.00 83.00 115.00 87.00 67.00 99.00 54.00 57.00 73.00 99.00 93.00 122.00 105.00 28.00 0.00 48.00 54.00 86.00 78.00 59.00 67.00 80.00 29.00 90.00 66.00 83.00 93.00 78.00 81.00 104.00 156.00 98.00 73.00 64.00 97.00 83.00 121.00 84.00 104.00 105.00 103.00 102.00 104.00 58.00 112.00 112.00 102.00 81.00 92.00 125.00 134.00 64.00 58.00 116.00 99.00 101.00 87.00 80.00 56.00 61.00 73.00 84.00 74.00 86.00 95.00 77.00 115.00 95.00 71.00 88.00 69.00 69.00 68.00 114.00 81.00 74.00 67.00 60.00 47.00 70.00 61.00 80.00 122.00 104.00 61.00 75.00 81.00 84.00 89.00 73.00 95.00 92.00 79.00 93.00 74.00 77.00 67.00 62.00 79.00 55.00 48.00 12.00 22.00 54.00 66.00 79.00 76.00 88.00 96.00 88.00 84.00 91.00 91.00 60.00 77.00 83.00 117.00 70.00 84.00 83.00 101.00 71.00 38.00 80.00 90.00 68.00 91.00 56.00 116.00 136.00 65.00 78.00 95.00 100.00 68.00 58.00 85.00 93.00 104.00 109.00 83.00 105.00 65.00 61.00 88.00 70.00 84.00 105.00 64.00 79.00 88.00 52.00 91.00 81.00 120.00 54.00 82.00 136.00 70.00 48.00 102.00 120.00 63.00 52.00 53.00 104.00 138.00 89.00 100.00 78.00 108.00 98.00 91.00 71.00 67.00 18.00 74.00 105.00 91.00 91.00 74.00 98.00 96.00 90.00 132.00
40.00 75.00 42.00 53.00 81.00 72.00 48.00 19.00 7.00 39.00 80.00 57.00 56.00 85.00 37.00 44.00 44.00 82.00 93.00 73.00 65.00 47.00 15.00 59.00 57.00 45.00 74.00 66.00 51.00 48.00 0.00 6.00 56.00 30.00 79.00 87.00 85.00 77.00 43.00 71.00 60.00 79.00 45.00 77.00 56.00 129.00 71.00 46.00 55.00 71.00 79.00 117.00 71.00 93.00 58.00 55.00 110.00 91.00 45.00 65.00 93.00 54.00 33.00 102.00 81.00 113.00 57.00 75.00 71.00 54.00 53.00 78.00 34.00 68.00 73.00 25.00 58.00 51.00 46.00 47.00 29.00 68.00 71.00 23.00 40.00 21.00 21.00 20.00 66.00 42.00 26.00 19.00 45.00 32.00 86.00 77.00 32.00 87.00 69.00 47.00 27.00 70.00 75.00 58.00 58.00 73.00 97.00 68.00 47.00 65.00 63.00 78.00 73.00 56.00 7.00 55.00 60.00 70.00 65.00 64.00 54.00 28.00 55.00 70.00 41.00 36.00 43.00 58.00 80.00 66.00 56.00 69.00 56.00 37.00 85.00 66.00 86.00 86.00 71.00 42.00 20.00 43.00 67.00 109.00 115.00 51.00 71.00 67.00 75.00 80.00 70.00 37.00 78.00 73.00 82.00 94.00 101.00 17.00 13.00 66.00 53.00 36.00 78.00 87.00 31.00 40.00 4.00 43.00 47.00 90.00 39.00 34.00 93.00 22.00 68.00 70.00 75.00 15.00 75.00 76.00 59.00 121.00 103.00 75.00 53.00 60.00 72.00 46.00 67.00 71.00 54.00 95.00 113.00 99.00 43.00 26.00 50.00 48.00 83.00 84.00
46.00 81.00 48.00 59.00 75.00 78.00 54.00 25.00 13.00 45.00 74.00 63.00 50.00 81.00 43.00 42.00 38.00 76.00 99.00 79.00 59.00 53.00 9.00 65.00 51.00 39.00 80.00 60.00 57.00 54.00 6.00 0.00 50.00 36.00 73.00 93.00 79.00 79.00 49.00 77.00 66.00 73.00 39.00 71.00 61.00 135.00 77.00 52.00 61.00 65.00 85.00 123.00 65.00 99.00 64.00 61.00 104.00 85.00 39.00 71.00 99.00 60.00 39.00 100.00 87.00 119.00 63.00 81.00 77.00 60.00 47.00 72.00 28.00 62.00 67.00 19.00 52.00 57.00 52.00 41.00 35.00 74.00 65.00 17.00 34.00 27.00 27.00 14.00 60.00 36.00 20.00 25.00 51.00 38.00 80.00 71.00 38.00 93.00 75.00 53.00 33.00 76.00 69.00 52.00 64.00 67.00 91.00 62.00 41.00 71.00 69.00 84.00 79.00 62.00 13.00 49.00 54.00 64.00 63.00 70.00 60.00 22.00 61.00 76.00 47.00 30.00 37.00 52.00 86.00 72.00 50.00 63.00 62.00 43.00 79.00 72.00 81.00 88.00 65.00 43.00 26.00 49.00 61.00 103.00 121.00 57.00 67.00 61.00 81.00 85.00 76.00 31.00 72.00 79.00 88.00 93.00 95.00 23.00 19.00 65.00 47.00 42.00 72.00 93.00 37.00 34.00 10.00 49.00 41.00 96.00 45.00 40.00 87.00 16.00 62.00 76.00 81.00 21.00 81.00 82.00 65.00 115.00 109.00 81.00 59.00 54.00 78.00 52.00 73.00 77.00 48.00 89.00 119.00 105.00 49.00 20.00 44.00 54.00 88.00 90.00
