200 10
0.00 86.00 90.00 93.00 51.00 55.00 62.00 100.00 75.00 64.00 75.00 60.00 50.00 55.00 61.00 97.00 66.00 45.00 95.00 68.00 106.00 55.00 52.00 78.00 98.00 84.00 81.00 75.00 93.00 49.00 89.00 64.00 59.00 77.00 100.00 101.00 37.00 85.00 74.00 62.00 53.00 100.00 84.00 13.00 11.00 29.00 44.00 66.00 85.00 58.00 96.00 106.00 75.00 105.00 116.00 107.00 76.00 70.00 52.00 63.00 51.00 94.00 40.00 111.00 52.00 78.00 98.00 64.00 55.00 59.00 71.00 81.00 97.00 59.00 70.00 71.00 30.00 70.00 90.00 86.00 70.00 85.00 94.00 58.00 96.00 94.00 93.00 96.00 93.00 63.00 67.00 92.00 94.00 93.00 40.00 80.00 114.00 75.00 82.00 118.00 47.00 69.00 117.00 93.00 125.00 75.00 76.00 74.00 51.00 86.00 27.00 87.00 89.00 62.00 76.00 72.00 74.00 97.00 67.00 99.00 46.00 64.00 54.00 78.00 96.00 92.00 119.00 102.00 103.00 66.00 34.00 56.00 81.00 96.00 112.00 78.00 60.00 50.00 76.00 61.00 93.00 25.00 77.00 43.00 76.00 110.00 63.00 63.00 33.00 67.00 80.00 83.00 51.00 74.00 61.00 84.00 84.00 81.00 114.00 58.00 123.00 120.00 117.00 128.00 107.00 86.00 64.00 74.00 83.00 75.00 92.00 93.00 63.00 76.00 67.00 73.00 91.00 81.00 85.00 61.00 58.00 87.00 76.00 95.00 74.00 90.00 97.00 58.00 73.00 60.00 51.00 78.00 109.00 54.00 72.00 103.00 75.00 78.00 73.00 78.00
86.00 0.00 74.00 90.00 97.00 120.00 84.00 78.00 53.00 66.00 77.00 75.00 76.00 71.00 77.00 155.00 90.00 68.00 62.00 109.00 97.00 91.00 88.00 104.00 74.00 99.00 110.00 89.00 107.00 90.00 112.00 76.00 81.00 121.00 140.00 110.00 89.00 108.00 110.00 86.00 73.00 109.00 93.00 99.00 97.00 84.00 95.00 117.00 119.00 76.00 72.00 121.00 117.00 103.00 136.00 121.00 90.00 100.00 132.00 114.00 102.00 134.00 106.00 132.00 96.00 69.00 120.00 79.00 91.00 97.00 75.00 85.00 97.00 59.00 48.00 47.00 85.00 122.00 55.00 76.00 85.00 61.00 107.00 110.00 125.00 92.00 115.00 105.00 115.00 85.00 81.00 106.00 107.00 109.00 120.00 160.00 140.00 96.00 93.00 54.00 111.00 84.00 118.00 93.00 125.00 82.00 119.00 111.00 88.00 148.00 91.00 102.00 102.00 136.00 85.00 81.00 79.00 110.00 78.00 101.00 72.00 90.00 80.00 94.00 98.00 57.00 110.00 127.00 125.00 146.00 114.00 83.00 72.00 87.00 103.00 84.00 104.00 96.00 85.00 91.00 107.00 93.00 100.00 105.00 98.00 136.00 89.00 96.00 88.00 82.00 104.00 130.00 119.00 39.00 52.00 119.00 108.00 86.00 119.00 96.00 107.00 124.00 127.00 135.00 111.00 95.00 105.00 103.00 89.00 73.00 115.00 143.00 86.00 99.00 141.00 141.00 110.00 111.00 87.00 85.00 88.00 126.00 112.00 93.00 125.00 109.00 102.00 101.00 99.00 86.00 62.00 43.00 95.00 122.00 98.00 124.00 143.00 113.00 82.00 120.00
90.00 74.00 0.00 16.00 73.00 81.00 90.00 103.00 102.00 101.00 90.00 92.00 82.00 77.00 83.00 147.00 78.00 45.00 35.00 65.00 88.00 87.00 84.00 58.00 68.00 96.00 107.00 89.00 107.00 81.00 95.00 82.00 87.00 101.00 112.00 102.00 78.00 114.00 106.00 74.00 62.00 122.00 100.00 81.00 79.00 61.00 76.00 98.00 117.00 84.00 101.00 136.00 88.00 104.00 113.00 98.00 99.00 76.00 102.00 94.00 82.00 126.00 95.00 132.00 75.00 78.00 46.00 68.00 73.00 79.00 95.00 102.00 109.00 87.00 98.00 99.00 62.00 102.00 74.00 92.00 102.00 81.00 86.00 95.00 118.00 115.00 87.00 97.00 114.00 94.00 90.00 102.00 48.00 35.00 90.00 130.00 66.00 75.00 82.00 127.00 84.00 101.00 118.00 93.00 67.00 15.00 52.00 106.00 83.00 144.00 86.00 91.00 109.00 112.00 82.00 78.00 80.00 104.00 67.00 114.00 74.00 70.00 80.00 103.00 120.00 76.00 101.00 84.00 81.00 124.00 96.00 88.00 82.00 97.00 113.00 84.00 84.00 74.00 82.00 67.00 33.00 84.00 71.00 66.00 95.00 115.00 69.00 69.00 65.00 71.00 101.00 106.00 99.00 58.00 61.00 90.00 109.00 87.00 120.00 78.00 33.00 50.00 53.00 96.00 120.00 92.00 96.00 57.00 98.00 82.00 121.00 122.00 62.00 94.00 117.00 121.00 83.00 93.00 122.00 73.00 70.00 103.00 74.00 93.00 95.00 72.00 65.00 81.00 53.00 66.00 51.00 54.00 106.00 96.00 76.00 76.00 117.00 98.00 79.00 117.00
93.00 90.00 16.00 0.00 57.00 65.00 74.00 112.00 87.00 100.00 106.00 92.00 82.00 86.00 92.00 142.00 62.00 61.00 51.00 49.00 104.00 71.00 74.00 42.00 52.00 80.00 91.00 83.00 101.00 78.00 111.00 68.00 73.00 85.00 96.00 86.00 80.00 100.00 90.00 58.00 74.00 131.00 110.00 84.00 82.00 77.00 73.00 95.00 133.00 100.00 100.00 120.00 72.00 119.00 129.00 114.00 115.00 74.00 92.00 78.00 66.00 110.00 83.00 118.00 59.00 86.00 62.00 77.00 63.00 71.00 79.00 89.00 109.00 71.00 82.00 83.00 78.00 118.00 90.00 90.00 99.00 65.00 102.00 84.00 107.00 110.00 71.00 81.00 98.00 107.00 106.00 108.00 64.00 51.00 93.00 125.00 50.00 59.00 98.00 143.00 73.00 101.00 134.00 109.00 83.00 31.00 68.00 98.00 80.00 132.00 70.00 100.00 101.00 113.00 80.00 76.00 78.00 88.00 83.00 106.00 58.00 86.00 96.00 90.00 132.00 92.00 117.00 100.00 97.00 112.00 87.00 85.00 85.00 100.00 116.00 82.00 68.00 58.00 80.00 65.00 17.00 68.00 55.00 50.00 90.00 100.00 53.00 85.00 81.00 78.00 99.00 104.00 83.00 74.00 77.00 91.00 107.00 85.00 118.00 70.00 49.00 66.00 69.00 112.00 109.00 90.00 90.00 73.00 93.00 98.00 107.00 135.00 78.00 84.00 108.00 105.00 99.00 85.00 121.00 59.00 62.00 91.00 90.00 109.00 89.00 88.00 81.00 65.00 37.00 50.00 67.00 70.00 115.00 96.00 60.00 92.00 117.00 90.00 77.00 115.00
51.00 97.00 73.00 57.00 0.00 66.00 41.00 91.00 66.00 53.00 64.00 44.00 34.00 29.00 35.00 109.00 17.00 43.00 81.00 41.00 80.00 14.00 17.00 39.00 58.00 35.00 46.00 26.00 44.00 36.00 77.00 21.00 24.00 28.00 51.00 52.00 45.00 51.00 33.00 13.00 29.00 74.00 57.00 42.00 40.00 40.00 31.00 53.00 94.00 66.00 47.00 90.00 81.00 69.00 105.00 90.00 78.00 21.00 54.00 36.00 24.00 63.00 53.00 91.00 51.00 64.00 70.00 20.00 6.00 18.00 50.00 60.00 106.00 68.00 71.00 72.00 39.00 79.00 58.00 37.00 54.00 45.00 56.00 27.00 65.00 58.00 48.00 47.00 64.00 73.00 69.00 51.00 57.00 44.00 65.00 105.00 75.00 68.00 68.00 87.00 16.00 53.00 86.00 61.00 93.00 71.00 75.00 53.00 37.00 88.00 36.00 43.00 48.00 68.00 27.00 23.00 25.00 56.00 53.00 49.00 55.00 52.00 62.00 57.00 85.00 74.00 70.00 53.00 56.00 68.00 63.00 42.00 32.00 47.00 63.00 29.00 11.00 1.00 27.00 12.00 54.00 38.00 64.00 51.00 41.00 93.00 50.00 61.00 44.00 23.00 46.00 51.00 64.00 58.00 47.00 46.00 54.00 32.00 65.00 17.00 97.00 86.00 89.00 87.00 106.00 37.00 33.00 43.00 62.00 61.00 58.00 94.00 61.00 27.00 73.00 86.00 59.00 32.00 74.00 12.00 9.00 47.00 60.00 79.00 47.00 64.00 71.00 66.00 34.00 47.00 37.00 62.00 62.00 53.00 52.00 66.00 74.00 37.00 24.00 62.00
55.00 120.00 81.00 65.00 66.00 0.00 43.00 108.00 83.00 72.00 83.00 70.00 60.00 55.00 61.00 85.00 68.00 69.00 104.00 93.00 87.00 70.00 67.00 90.00 79.00 86.00 97.00 86.00 104.00 82.00 97.00 72.00 69.00 92.00 108.00 98.00 45.00 93.00 89.00 64.00 61.00 100.00 99.00 43.00 44.00 62.00 77.00 99.00 109.00 66.00 74.00 116.00 84.00 93.00 110.00 95.00 64.00 73.00 40.00 85.00 78.00 102.00 48.00 83.00 24.00 51.00 90.00 46.00 60.00 72.00 52.00 57.00 105.00 67.00 78.00 79.00 63.00 103.00 97.00 91.00 80.00 66.00 85.00 66.00 104.00 82.00 83.00 93.00 81.00 51.00 55.00 61.00 66.00 79.00 28.00 68.00 115.00 71.00 94.00 120.00 55.00 74.00 122.00 105.00 137.00 85.00 48.00 104.00 83.00 74.00 35.00 69.00 102.00 117.00 81.00 77.00 79.00 105.00 79.00 77.00 54.00 72.00 62.00 59.00 102.00 99.00 112.00 107.00 110.00 54.00 22.00 78.00 83.00 98.00 114.00 83.00 75.00 65.00 81.00 66.00 82.00 33.00 67.00 15.00 52.00 119.00 90.00 96.00 66.00 43.00 96.00 91.00 59.00 81.00 68.00 97.00 92.00 84.00 117.00 71.00 114.00 108.00 105.00 136.00 115.00 91.00 97.00 82.00 61.00 63.00 100.00 126.00 87.00 81.00 122.00 81.00 82.00 86.00 93.00 63.00 63.00 75.00 84.00 103.00 101.00 71.00 78.00 30.00 85.00 87.00 63.00 85.00 86.00 62.00 82.00 91.00 83.00 91.00 78.00 116.00
62.00 84.00 90.00 74.00 41.00 43.00 0.00 70.00 45.00 49.00 60.00 40.00 40.00 35.00 41.00 119.00 50.00 49.00 89.00 73.00 44.00 27.00 24.00 60.00 36.00 68.00 79.00 65.00 83.00 67.00 97.00 36.00 31.00 67.00 88.00 58.00 49.00 58.00 46.00 46.00 54.00 70.00 56.00 53.00 51.00 47.00 62.00 84.00 100.00 66.00 81.00 86.00 91.00 57.00 69.00 54.00 85.00 55.00 83.00 70.00 58.00 82.00 52.00 123.00 64.00 70.00 54.00 26.00 40.00 52.00 9.00 19.00 67.00 29.00 40.00 41.00 46.00 86.00 82.00 69.00 50.00 23.00 42.00 66.00 99.00 46.00 63.00 53.00 70.00 86.00 82.00 90.00 91.00 78.00 71.00 111.00 96.00 83.00 74.00 84.00 55.00 31.00 79.00 74.00 106.00 79.00 88.00 86.00 69.00 70.00 35.00 49.00 65.00 99.00 61.00 57.00 59.00 90.00 59.00 37.00 16.00 72.00 62.00 16.00 59.00 81.00 95.00 78.00 75.00 90.00 65.00 74.00 66.00 75.00 91.00 63.00 50.00 40.00 61.00 46.00 85.00 37.00 79.00 55.00 48.00 79.00 70.00 76.00 51.00 29.00 80.00 85.00 63.00 66.00 53.00 79.00 88.00 66.00 99.00 51.00 123.00 119.00 118.00 105.00 112.00 63.00 74.00 62.00 21.00 74.00 65.00 101.00 67.00 61.00 104.00 85.00 39.00 66.00 70.00 45.00 43.00 81.00 79.00 87.00 73.00 28.00 35.00 46.00 65.00 67.00 43.00 70.00 48.00 66.00 62.00 100.00 87.00 71.00 58.00 96.00
100.00 78.00 103.00 112.00 91.00 108.00 70.00 0.00 25.00 38.00 49.00 47.00 57.00 62.00 68.00 146.00 96.00 59.00 100.00 90.00 81.00 97.00 94.00 107.00 104.00 99.00 110.00 89.00 107.00 83.00 34.00 100.00 101.00 117.00 140.00 113.00 87.00 128.00 95.00 92.00 76.00 81.00 86.00 91.00 89.00 75.00 88.00 110.00 116.00 73.00 115.00 93.00 121.00 97.00 121.00 106.00 110.00 100.00 130.00 107.00 95.00 131.00 90.00 116.00 102.00 92.00 93.00 71.00 85.00 97.00 79.00 80.00 79.00 41.00 30.00 31.00 76.00 116.00 93.00 76.00 57.00 91.00 72.00 84.00 125.00 101.00 118.00 108.00 125.00 108.00 104.00 114.00 79.00 92.00 118.00 158.00 143.00 125.00 96.00 132.00 93.00 56.00 104.00 107.00 135.00 88.00 125.00 108.00 85.00 125.00 73.00 94.00 95.00 129.00 92.00 88.00 86.00 55.00 81.00 92.00 54.00 59.00 69.00 71.00 70.00 95.00 149.00 132.00 135.00 131.00 112.00 90.00 93.00 108.00 124.00 84.00 100.00 90.00 92.00 91.00 122.00 75.00 127.00 93.00 103.00 109.00 90.00 126.00 79.00 74.00 111.00 130.00 101.00 77.00 75.00 125.00 115.00 93.00 126.00 96.00 136.00 132.00 129.00 86.00 110.00 102.00 98.00 72.00 76.00 96.00 135.00 101.00 41.00 79.00 134.00 123.00 69.00 111.00 59.00 91.00 88.00 110.00 89.00 77.00 118.00 80.00 74.00 85.00 102.00 89.00 65.00 81.00 109.00 104.00 79.00 120.00 122.00 106.00 89.00 127.00
75.00 53.00 102.00 87.00 66.00 83.00 45.00 25.00 0.00 13.00 24.00 22.00 32.00 37.00 43.00 121.00 71.00 69.00 75.00 65.00 56.00 72.00 69.00 93.00 79.00 74.00 85.00 64.00 82.00 58.00 59.00 75.00 76.00 92.00 115.00 88.00 62.00 103.00 91.00 67.00 74.00 56.00 84.00 66.00 64.00 53.00 63.00 85.00 109.00 79.00 96.00 68.00 99.00 87.00 97.00 82.00 85.00 75.00 105.00 82.00 70.00 112.00 65.00 91.00 77.00 73.00 68.00 46.00 60.00 72.00 54.00 55.00 54.00 16.00 5.00 6.00 54.00 94.00 68.00 51.00 32.00 66.00 70.00 79.00 100.00 76.00 93.00 83.00 100.00 89.00 85.00 89.00 54.00 67.00 93.00 133.00 129.00 100.00 94.00 107.00 68.00 31.00 79.00 104.00 110.00 95.00 101.00 83.00 60.00 100.00 48.00 69.00 93.00 122.00 69.00 65.00 67.00 80.00 79.00 67.00 29.00 69.00 75.00 46.00 45.00 70.00 124.00 107.00 110.00 106.00 87.00 65.00 74.00 89.00 105.00 59.00 75.00 65.00 67.00 66.00 104.00 50.00 102.00 68.00 79.00 107.00 90.00 107.00 57.00 49.00 88.00 105.00 76.00 52.00 56.00 100.00 96.00 74.00 107.00 71.00 135.00 136.00 138.00 111.00 99.00 77.00 73.00 82.00 51.00 77.00 110.00 90.00 66.00 81.00 127.00 98.00 67.00 86.00 34.00 66.00 63.00 85.00 71.00 52.00 93.00 56.00 49.00 60.00 88.00 87.00 63.00 56.00 84.00 79.00 54.00 95.00 97.00 91.00 64.00 102.00
64.00 66.00 101.00 100.00 53.00 72.00 49.00 38.00 13.00 0.00 11.00 9.00 19.00 24.00 30.00 108.00 58.00 56.00 79.00 52.00 59.00 65.00 63.00 80.00 66.00 61.00 72.00 51.00 69.00 45.00 72.00 62.00 67.00 79.00 102.00 75.00 51.00 94.00 80.00 54.00 61.00 43.00 71.00 55.00 53.00 40.00 50.00 72.00 96.00 72.00 83.00 55.00 86.00 74.00 84.00 69.00 72.00 62.00 94.00 69.00 57.00 99.00 54.00 104.00 66.00 60.00 55.00 33.00 47.00 59.00 52.00 42.00 67.00 29.00 18.00 19.00 41.00 81.00 59.00 38.00 19.00 53.00 57.00 72.00 87.00 63.00 80.00 70.00 87.00 76.00 72.00 76.00 67.00 80.00 82.00 122.00 116.00 89.00 81.00 101.00 61.00 18.00 66.00 91.00 123.00 86.00 90.00 70.00 47.00 87.00 41.00 56.00 80.00 109.00 56.00 52.00 54.00 85.00 66.00 54.00 42.00 78.00 68.00 33.00 32.00 74.00 111.00 94.00 97.00 93.00 76.00 52.00 61.00 76.00 92.00 46.00 62.00 52.00 54.00 53.00 95.00 39.00 91.00 57.00 66.00 94.00 77.00 94.00 44.00 36.00 75.00 92.00 65.00 56.00 43.00 87.00 83.00 61.00 94.00 58.00 134.00 123.00 125.00 116.00 102.00 64.00 60.00 79.00 38.00 64.00 101.00 77.00 74.00 68.00 114.00 87.00 54.00 73.00 21.00 53.00 50.00 72.00 84.00 65.00 80.00 43.00 36.00 69.00 75.00 74.00 50.00 60.00 71.00 68.00 41.00 82.00 84.00 78.00 51.00 89.00
75.00 77.00 90.00 106.00 64.00 83.00 60.00 49.00 24.00 11.00 0.00 20.00 30.00 35.00 41.00 119.00 69.00 67.00 90.00 63.00 48.00 76.00 74.00 91.00 77.00 72.00 66.00 62.00 80.00 34.00 83.00 73.00 72.00 90.00 113.00 86.00 62.00 99.00 69.00 65.00 72.00 54.00 60.00 66.00 64.00 51.00 39.00 61.00 104.00 83.00 94.00 66.00 97.00 64.00 73.00 58.00 83.00 73.00 103.00 58.00 46.00 91.00 65.00 115.00 77.00 71.00 44.00 44.00 58.00 54.00 63.00 53.00 78.00 40.00 29.00 30.00 52.00 92.00 70.00 49.00 30.00 64.00 46.00 83.00 98.00 62.00 91.00 81.00 98.00 87.00 83.00 87.00 78.00 91.00 93.00 133.00 127.00 100.00 92.00 100.00 72.00 29.00 77.00 97.00 127.00 97.00 101.00 59.00 36.00 98.00 52.00 67.00 69.00 103.00 65.00 61.00 63.00 94.00 77.00 65.00 53.00 89.00 79.00 44.00 43.00 85.00 122.00 105.00 108.00 104.00 87.00 41.00 70.00 85.00 101.00 57.00 73.00 63.00 63.00 64.00 106.00 50.00 102.00 68.00 55.00 83.00 88.00 103.00 55.00 47.00 84.00 103.00 76.00 67.00 54.00 98.00 92.00 70.00 103.00 53.00 123.00 134.00 136.00 109.00 112.00 73.00 49.00 90.00 49.00 75.00 106.00 88.00 71.00 77.00 108.00 98.00 43.00 84.00 32.00 64.00 61.00 83.00 95.00 76.00 69.00 32.00 25.00 80.00 86.00 85.00 61.00 71.00 82.00 79.00 52.00 93.00 95.00 73.00 60.00 98.00
60.00 75.00 92.00 92.00 44.00 70.00 40.00 47.00 22.00 9.00 20.00 0.00 10.00 15.00 21.00 99.00 49.00 47.00 70.00 43.00 68.00 56.00 54.00 71.00 57.00 52.00 63.00 42.00 60.00 51.00 81.00 53.00 58.00 70.00 93.00 66.00 49.00 85.00 75.00 45.00 52.00 52.00 80.00 51.00 49.00 31.00 46.00 68.00 87.00 81.00 74.00 46.00 77.00 65.00 93.00 78.00 63.00 53.00 86.00 65.00 53.00 90.00 63.00 111.00 64.00 51.00 64.00 24.00 38.00 50.00 43.00 33.00 76.00 38.00 27.00 28.00 32.00 72.00 50.00 29.00 10.00 44.00 66.00 64.00 78.00 54.00 71.00 61.00 78.00 67.00 63.00 67.00 76.00 76.00 78.00 116.00 107.00 91.00 72.00 92.00 53.00 9.00 57.00 82.00 114.00 77.00 88.00 70.00 53.00 78.00 50.00 47.00 80.00 100.00 47.00 43.00 45.00 76.00 57.00 45.00 51.00 83.00 77.00 24.00 41.00 65.00 102.00 85.00 88.00 84.00 72.00 58.00 52.00 67.00 83.00 37.00 53.00 43.00 45.00 44.00 86.00 48.00 87.00 55.00 75.00 103.00 68.00 85.00 35.00 27.00 66.00 83.00 74.00 47.00 34.00 78.00 74.00 52.00 85.00 49.00 125.00 114.00 116.00 107.00 93.00 55.00 66.00 70.00 29.00 55.00 92.00 86.00 65.00 59.00 105.00 96.00 63.00 64.00 30.00 44.00 41.00 63.00 87.00 74.00 76.00 52.00 45.00 60.00 66.00 65.00 41.00 51.00 62.00 68.00 32.00 73.00 89.00 69.00 42.00 80.00
50.00 76.00 82.00 82.00 34.00 60.00 40.00 57.00 32.00 19.00 30.00 10.00 0.00 5.00 11.00 89.00 39.00 37.00 60.00 33.00 78.00 46.00 44.00 61.00 67.00 42.00 53.00 52.00 70.00 41.00 91.00 43.00 48.00 60.00 83.00 73.00 58.00 75.00 65.00 35.00 42.00 50.00 79.00 41.00 39.00 21.00 36.00 58.00 77.00 74.00 64.00 56.00 67.00 75.00 99.00 84.00 53.00 43.00 76.00 55.00 43.00 88.00 68.00 113.00 54.00 41.00 64.00 14.00 28.00 40.00 49.00 43.00 86.00 48.00 37.00 38.00 22.00 62.00 53.00 39.00 20.00 54.00 76.00 61.00 88.00 64.00 70.00 69.00 86.00 57.00 53.00 77.00 79.00 66.00 68.00 106.00 97.00 88.00 62.00 102.00 50.00 19.00 67.00 73.00 105.00 67.00 78.00 60.00 43.00 88.00 55.00 37.00 70.00 90.00 49.00 45.00 47.00 78.00 47.00 55.00 56.00 86.00 78.00 34.00 51.00 55.00 92.00 75.00 78.00 74.00 62.00 48.00 54.00 69.00 85.00 47.00 43.00 33.00 49.00 34.00 76.00 53.00 84.00 45.00 65.00 105.00 58.00 81.00 25.00 17.00 68.00 73.00 79.00 37.00 24.00 68.00 76.00 54.00 87.00 39.00 115.00 104.00 106.00 107.00 83.00 59.00 56.00 77.00 39.00 45.00 82.00 84.00 55.00 49.00 95.00 101.00 73.00 54.00 40.00 34.00 31.00 53.00 80.00 84.00 66.00 62.00 55.00 60.00 56.00 55.00 31.00 41.00 72.00 58.00 22.00 63.00 79.00 59.00 46.00 84.00
55.00 71.00 77.00 86.00 29.00 55.00 35.00 62.00 37.00 24.00 35.00 15.00 5.00 0.00 6.00 84.00 34.00 32.00 55.00 38.00 79.00 41.00 44.00 56.00 71.00 47.00 58.00 51.00 69.00 46.00 96.00 38.00 43.00 55.00 78.00 69.00 53.00 70.00 60.00 30.00 37.00 45.00 74.00 46.00 44.00 26.00 41.00 63.00 82.00 69.00 59.00 61.00 72.00 80.00 103.00 88.00 57.00 38.00 71.00 53.00 41.00 86.00 70.00 108.00 49.00 36.00 59.00 9.00 23.00 35.00 44.00 48.00 91.00 53.00 42.00 43.00 27.00 67.00 48.00 44.00 25.00 58.00 77.00 56.00 87.00 69.00 65.00 64.00 81.00 52.00 48.00 73.00 74.00 61.00 73.00 101.00 92.00 85.00 57.00 107.00 45.00 24.00 72.00 68.00 100.00 62.00 73.00 65.00 48.00 93.00 60.00 32.00 65.00 85.00 44.00 40.00 42.00 73.00 42.00 60.00 51.00 81.00 73.00 39.00 56.00 50.00 87.00 70.00 73.00 79.00 67.00 50.00 49.00 64.00 80.00 46.00 38.00 28.00 44.00 29.00 71.00 58.00 81.00 40.00 60.00 100.00 53.00 78.00 30.00 12.00 63.00 68.00 84.00 32.00 19.00 63.00 71.00 49.00 82.00 34.00 110.00 103.00 101.00 102.00 78.00 54.00 61.00 72.00 44.00 40.00 77.00 79.00 50.00 44.00 90.00 106.00 74.00 49.00 45.00 29.00 26.00 58.00 85.00 89.00 64.00 63.00 60.00 55.00 51.00 50.00 26.00 36.00 77.00 63.00 27.00 68.00 84.00 54.00 41.00 79.00
61.00 77.00 83.00 92.00 35.00 61.00 41.00 68.00 43.00 30.00 41.00 21.00 11.00 6.00 0.00 78.00 40.00 38.00 61.00 44.00 85.00 47.00 50.00 62.00 77.00 53.00 64.00 57.00 75.00 52.00 102.00 44.00 49.00 61.00 84.00 75.00 59.00 76.00 66.00 36.00 43.00 39.00 80.00 52.00 50.00 32.00 47.00 69.00 88.00 75.00 65.00 67.00 78.00 86.00 109.00 94.00 63.00 44.00 77.00 59.00 47.00 92.00 76.00 114.00 55.00 42.00 65.00 15.00 29.00 41.00 50.00 54.00 97.00 59.00 48.00 49.00 33.00 73.00 54.00 50.00 31.00 64.00 83.00 62.00 93.00 75.00 71.00 70.00 87.00 58.00 54.00 79.00 80.00 67.00 79.00 95.00 98.00 91.00 63.00 113.00 51.00 30.00 78.00 74.00 106.00 68.00 79.00 71.00 54.00 99.00 66.00 38.00 71.00 91.00 50.00 46.00 48.00 79.00 48.00 66.00 57.00 87.00 79.00 45.00 50.00 56.00 93.00 76.00 79.00 85.00 73.00 56.00 55.00 70.00 86.00 52.00 44.00 34.00 50.00 35.00 77.00 64.00 87.00 46.00 66.00 106.00 59.00 84.00 36.00 18.00 69.00 74.00 90.00 38.00 25.00 69.00 77.00 55.00 88.00 40.00 116.00 109.00 107.00 108.00 84.00 60.00 67.00 78.00 50.00 46.00 83.00 73.00 56.00 50.00 96.00 112.00 80.00 55.00 51.00 35.00 32.00 64.00 91.00 95.00 70.00 69.00 66.00 61.00 57.00 56.00 32.00 42.00 83.00 69.00 33.00 74.00 90.00 60.00 47.00 85.00
97.00 155.00 147.00 142.00 109.00 85.00 119.00 146.00 121.00 108.00 119.00 99.00 89.00 84.00 78.00 0.00 92.00 116.00 139.00 114.00 161.00 121.00 118.00 122.00 149.00 110.00 113.00 117.00 135.00 85.00 155.00 106.00 111.00 135.00 147.00 119.00 112.00 138.00 140.00 96.00 112.00 117.00 144.00 84.00 86.00 104.00 90.00 112.00 73.00 116.00 133.00 145.00 123.00 122.00 104.00 119.00 105.00 102.00 69.00 109.00 97.00 142.00 115.00 168.00 109.00 120.00 143.00 93.00 103.00 105.00 128.00 125.00 172.00 134.00 126.00 127.00 105.00 88.00 122.00 120.00 109.00 136.00 147.00 133.00 153.00 111.00 122.00 114.00 122.00 92.00 96.00 121.00 125.00 112.00 57.00 17.00 92.00 104.00 141.00 149.00 122.00 108.00 156.00 152.00 184.00 146.00 133.00 106.00 83.00 115.00 102.00 116.00 135.00 151.00 112.00 108.00 110.00 126.00 126.00 105.00 121.00 130.00 120.00 123.00 128.00 134.00 95.00 78.00 75.00 95.00 63.00 88.00 117.00 132.00 148.00 112.00 118.00 108.00 110.00 103.00 137.00 100.00 106.00 100.00 128.00 148.00 133.00 138.00 108.00 96.00 131.00 112.00 80.00 116.00 103.00 129.00 139.00 117.00 150.00 104.00 154.00 137.00 134.00 157.00 159.00 104.00 100.00 143.00 121.00 104.00 145.00 151.00 134.00 124.00 151.00 102.00 144.00 123.00 129.00 97.00 100.00 116.00 145.00 161.00 120.00 145.00 144.00 115.00 117.00 130.00 110.00 120.00 153.00 129.00 111.00 120.00 150.00 124.00 107.00 145.00
66.00 90.00 78.00 62.00 17.00 68.00 50.00 96.00 71.00 58.00 69.00 49.00 39.00 34.00 40.00 92.00 0.00 37.00 74.00 40.00 75.00 29.00 26.00 30.00 57.00 18.00 29.00 33.00 51.00 35.00 94.00 14.00 19.00 43.00 66.00 49.00 36.00 46.00 48.00 4.00 20.00 79.00 56.00 57.00 55.00 45.00 30.00 52.00 101.00 81.00 46.00 95.00 86.00 84.00 100.00 85.00 61.00 20.00 53.00 35.00 23.00 68.00 53.00 90.00 44.00 58.00 75.00 25.00 11.00 17.00 58.00 68.00 113.00 75.00 76.00 77.00 46.00 86.00 57.00 36.00 55.00 44.00 70.00 44.00 65.00 73.00 53.00 46.00 63.00 56.00 52.00 58.00 56.00 43.00 65.00 105.00 66.00 73.00 62.00 104.00 33.00 58.00 97.00 73.00 105.00 64.00 68.00 36.00 37.00 87.00 50.00 48.00 47.00 59.00 26.00 22.00 24.00 55.00 47.00 66.00 66.00 69.00 77.00 66.00 90.00 69.00 69.00 52.00 55.00 67.00 71.00 42.00 31.00 46.00 62.00 28.00 26.00 16.00 26.00 11.00 45.00 48.00 69.00 53.00 36.00 88.00 41.00 54.00 49.00 28.00 45.00 50.00 74.00 51.00 41.00 37.00 53.00 31.00 64.00 16.00 94.00 77.00 80.00 86.00 89.00 36.00 50.00 60.00 71.00 44.00 53.00 89.00 55.00 32.00 64.00 96.00 70.00 31.00 79.00 5.00 8.00 46.00 74.00 87.00 46.00 59.00 62.00 68.00 25.00 38.00 31.00 55.00 61.00 52.00 51.00 65.00 73.00 36.00 23.00 61.00
45.00 68.00 45.00 61.00 43.00 69.00 49.00 59.00 69.00 56.00 67.00 47.00 37.00 32.00 38.00 116.00 37.00 0.00 50.00 55.00 73.00 42.00 39.00 48.00 85.00 55.00 66.00 62.00 80.00 36.00 93.00 43.00 46.00 69.00 92.00 80.00 33.00 73.00 61.00 33.00 17.00 77.00 63.00 36.00 34.00 16.00 31.00 53.00 72.00 66.00 56.00 93.00 62.00 74.00 98.00 83.00 54.00 49.00 75.00 50.00 38.00 83.00 50.00 119.00 60.00 33.00 73.00 23.00 37.00 46.00 58.00 68.00 104.00 66.00 74.00 75.00 17.00 57.00 45.00 65.00 57.00 72.00 49.00 70.00 94.00 85.00 79.00 75.00 79.00 49.00 45.00 57.00 85.00 72.00 63.00 103.00 84.00 83.00 37.00 87.00 59.00 56.00 73.00 48.00 80.00 30.00 67.00 61.00 38.00 109.00 47.00 46.00 72.00 88.00 55.00 51.00 53.00 68.00 22.00 85.00 65.00 80.00 70.00 65.00 88.00 47.00 94.00 81.00 84.00 89.00 57.00 43.00 60.00 75.00 91.00 57.00 52.00 42.00 55.00 40.00 63.00 45.00 79.00 54.00 63.00 80.00 33.00 76.00 20.00 26.00 67.00 79.00 71.00 29.00 16.00 66.00 80.00 60.00 93.00 45.00 78.00 84.00 81.00 99.00 75.00 65.00 51.00 72.00 70.00 37.00 80.00 78.00 18.00 56.00 93.00 93.00 46.00 60.00 77.00 34.00 37.00 75.00 89.00 102.00 61.00 57.00 64.00 69.00 43.00 30.00 6.00 33.00 85.00 74.00 59.00 94.00 95.00 65.00 52.00 90.00
95.00 62.00 35.00 51.00 81.00 104.00 89.00 100.00 75.00 79.00 90.00 70.00 60.00 55.00 61.00 139.00 74.00 50.00 0.00 72.00 113.00 75.00 72.00 88.00 103.00 83.00 94.00 73.00 91.00 66.00 67.00 60.00 65.00 105.00 124.00 94.00 73.00 92.00 94.00 70.00 57.00 96.00 77.00 86.00 84.00 66.00 71.00 93.00 95.00 52.00 76.00 116.00 104.00 121.00 120.00 105.00 74.00 84.00 116.00 90.00 78.00 110.00 90.00 129.00 80.00 53.00 81.00 63.00 75.00 81.00 98.00 100.00 119.00 81.00 70.00 69.00 67.00 106.00 39.00 60.00 79.00 108.00 91.00 86.00 109.00 110.00 99.00 89.00 99.00 69.00 65.00 90.00 83.00 70.00 104.00 144.00 101.00 110.00 77.00 116.00 89.00 79.00 113.00 88.00 72.00 20.00 57.00 87.00 64.00 140.00 83.00 86.00 78.00 112.00 69.00 65.00 63.00 94.00 62.00 115.00 94.00 66.00 56.00 94.00 85.00 41.00 96.00 112.00 109.00 129.00 98.00 59.00 56.00 71.00 87.00 68.00 88.00 80.00 69.00 75.00 68.00 85.00 106.00 89.00 82.00 120.00 73.00 34.00 70.00 66.00 88.00 114.00 111.00 23.00 36.00 103.00 92.00 70.00 103.00 80.00 68.00 85.00 88.00 119.00 95.00 79.00 81.00 62.00 99.00 57.00 99.00 127.00 67.00 83.00 117.00 133.00 94.00 95.00 96.00 69.00 72.00 108.00 79.00 98.00 101.00 97.00 91.00 104.00 83.00 70.00 46.00 19.00 71.00 101.00 82.00 108.00 122.00 89.00 66.00 104.00
68.00 109.00 65.00 49.00 41.00 93.00 73.00 90.00 65.00 52.00 63.00 43.00 33.00 38.00 44.00 114.00 40.00 55.00 72.00 0.00 85.00 53.00 56.00 62.00 81.00 58.00 61.00 57.00 75.00 29.00 118.00 44.00 49.00 67.00 90.00 75.00 68.00 76.00 72.00 36.00 52.00 83.00 64.00 59.00 57.00 39.00 24.00 46.00 95.00 104.00 70.00 71.00 85.00 108.00 126.00 111.00 86.00 44.00 74.00 29.00 17.00 62.00 85.00 114.00 74.00 74.00 89.00 47.00 35.00 25.00 82.00 76.00 119.00 81.00 70.00 71.00 40.00 80.00 70.00 60.00 53.00 68.00 78.00 68.00 93.00 97.00 77.00 70.00 87.00 90.00 86.00 82.00 80.00 67.00 86.00 126.00 98.00 97.00 92.00 128.00 57.00 52.00 100.00 100.00 132.00 80.00 98.00 54.00 31.00 83.00 73.00 70.00 55.00 89.00 50.00 46.00 48.00 79.00 77.00 88.00 89.00 93.00 100.00 67.00 84.00 88.00 93.00 76.00 79.00 63.00 80.00 36.00 55.00 70.00 86.00 52.00 50.00 40.00 50.00 35.00 66.00 71.00 93.00 78.00 66.00 115.00 73.00 84.00 43.00 50.00 69.00 74.00 97.00 70.00 57.00 69.00 76.00 55.00 88.00 24.00 98.00 109.00 112.00 110.00 107.00 60.00 44.00 84.00 72.00 78.00 83.00 103.00 73.00 56.00 94.00 119.00 81.00 55.00 73.00 35.00 32.00 42.00 69.00 81.00 40.00 85.00 88.00 93.00 57.00 70.00 61.00 74.00 85.00 47.00 11.00 52.00 68.00 44.00 47.00 85.00
106.00 97.00 88.00 104.00 80.00 87.00 44.00 81.00 56.00 59.00 48.00 68.00 78.00 79.00 85.00 161.00 75.00 73.00 113.00 85.00 0.00 66.00 63.00 97.00 80.00 93.00 86.00 87.00 90.00 82.00 115.00 61.00 56.00 106.00 123.00 83.00 93.00 83.00 53.00 71.00 78.00 65.00 44.00 97.00 95.00 86.00 87.00 109.00 88.00 110.00 107.00 114.00 95.00 48.00 57.00 42.00 73.00 85.00 118.00 96.00 84.00 117.00 96.00 135.00 78.00 84.00 42.00 70.00 76.00 82.00 53.00 63.00 100.00 62.00 51.00 50.00 85.00 103.00 106.00 90.00 78.00 67.00 30.00 107.00 117.00 59.00 98.00 88.00 105.00 86.00 82.00 107.00 110.00 108.00 113.00 153.00 133.00 116.00 92.00 97.00 96.00 75.00 106.00 81.00 111.00 102.00 102.00 79.00 84.00 114.00 79.00 93.00 53.00 87.00 72.00 76.00 78.00 109.00 83.00 66.00 60.00 116.00 106.00 60.00 76.00 106.00 120.00 103.00 100.00 130.00 109.00 89.00 85.00 100.00 116.00 82.00 89.00 79.00 80.00 76.00 112.00 81.00 112.00 87.00 39.00 67.00 94.00 101.00 90.00 73.00 91.00 115.00 107.00 90.00 77.00 89.00 107.00 85.00 106.00 81.00 121.00 129.00 132.00 93.00 117.00 90.00 97.00 106.00 65.00 90.00 90.00 99.00 55.00 93.00 92.00 101.00 27.00 89.00 80.00 70.00 73.00 109.00 115.00 96.00 61.00 16.00 23.00 90.00 92.00 91.00 67.00 94.00 67.00 110.00 78.00 119.00 118.00 64.00 77.00 115.00
55.00 91.00 87.00 71.00 14.00 70.00 27.00 97.00 72.00 65.00 76.00 56.00 46.00 41.00 47.00 121.00 29.00 42.00 75.00 53.00 66.00 0.00 3.00 39.00 63.00 47.00 58.00 38.00 56.00 46.00 91.00 15.00 10.00 40.00 63.00 64.00 52.00 37.00 19.00 25.00 41.00 86.00 56.00 46.00 44.00 26.00 41.00 63.00 80.00 80.00 59.00 89.00 70.00 82.00 91.00 76.00 90.00 33.00 66.00 48.00 36.00 77.00 67.00 103.00 63.00 75.00 76.00 32.00 18.00 30.00 36.00 46.00 94.00 56.00 67.00 68.00 25.00 65.00 68.00 49.00 66.00 50.00 42.00 41.00 79.00 72.00 60.00 59.00 76.00 85.00 81.00 63.00 69.00 56.00 73.00 113.00 75.00 80.00 58.00 86.00 30.00 58.00 72.00 47.00 79.00 72.00 87.00 65.00 48.00 90.00 50.00 55.00 60.00 80.00 39.00 35.00 37.00 68.00 64.00 63.00 43.00 66.00 76.00 43.00 86.00 60.00 74.00 57.00 54.00 80.00 67.00 53.00 44.00 59.00 75.00 41.00 23.00 13.00 39.00 24.00 64.00 52.00 76.00 63.00 27.00 79.00 60.00 55.00 30.00 35.00 58.00 63.00 78.00 52.00 58.00 58.00 66.00 44.00 77.00 29.00 109.00 98.00 101.00 99.00 117.00 49.00 47.00 57.00 48.00 73.00 44.00 80.00 60.00 39.00 85.00 100.00 45.00 44.00 86.00 24.00 21.00 59.00 74.00 93.00 59.00 50.00 57.00 73.00 44.00 57.00 48.00 56.00 60.00 65.00 64.00 78.00 86.00 49.00 36.00 74.00
52.00 88.00 84.00 74.00 17.00 67.00 24.00 94.00 69.00 63.00 74.00 54.00 44.00 44.00 50.00 118.00 26.00 39.00 72.00 56.00 63.00 3.00 0.00 36.00 60.00 44.00 55.00 41.00 59.00 43.00 94.00 12.00 7.00 43.00 66.00 67.00 49.00 34.00 22.00 22.00 38.00 89.00 59.00 43.00 41.00 23.00 38.00 60.00 77.00 83.00 62.00 92.00 67.00 79.00 88.00 73.00 87.00 36.00 69.00 51.00 39.00 80.00 70.00 106.00 60.00 72.00 73.00 35.00 21.00 33.00 33.00 43.00 91.00 53.00 64.00 65.00 22.00 62.00 65.00 52.00 64.00 47.00 45.00 44.00 82.00 70.00 63.00 62.00 79.00 82.00 78.00 66.00 72.00 59.00 70.00 110.00 72.00 83.00 61.00 89.00 33.00 55.00 75.00 50.00 82.00 69.00 84.00 62.00 45.00 93.00 53.00 58.00 63.00 77.00 42.00 38.00 40.00 71.00 61.00 61.00 40.00 69.00 79.00 40.00 83.00 57.00 71.00 54.00 51.00 83.00 64.00 50.00 47.00 62.00 78.00 44.00 26.00 16.00 42.00 27.00 61.00 55.00 79.00 66.00 24.00 82.00 57.00 52.00 27.00 38.00 61.00 66.00 81.00 49.00 55.00 55.00 69.00 47.00 80.00 32.00 112.00 95.00 98.00 102.00 114.00 52.00 50.00 60.00 45.00 70.00 41.00 77.00 57.00 42.00 82.00 103.00 48.00 47.00 84.00 21.00 24.00 62.00 77.00 96.00 62.00 47.00 54.00 70.00 41.00 54.00 45.00 53.00 57.00 68.00 66.00 81.00 89.00 52.00 39.00 77.00
78.00 104.00 58.00 42.00 39.00 90.00 60.00 107.00 93.00 80.00 91.00 71.00 61.00 56.00 62.00 122.00 30.00 48.00 88.00 62.00 97.00 39.00 36.00 0.00 79.00 48.00 59.00 55.00 73.00 57.00 116.00 36.00 41.00 65.00 88.00 73.00 58.00 68.00 58.00 26.00 42.00 101.00 78.00 79.00 77.00 59.00 52.00 74.00 113.00 102.00 68.00 117.00 80.00 107.00 122.00 107.00 90.00 42.00 75.00 57.00 45.00 90.00 75.00 112.00 66.00 69.00 97.00 47.00 33.00 39.00 69.00 79.00 127.00 89.00 98.00 99.00 58.00 98.00 79.00 58.00 77.00 66.00 81.00 66.00 87.00 97.00 75.00 68.00 85.00 85.00 81.00 80.00 78.00 65.00 87.00 111.00 36.00 67.00 73.00 123.00 55.00 80.00 109.00 84.00 116.00 73.00 90.00 66.00 59.00 109.00 72.00 70.00 69.00 71.00 48.00 44.00 46.00 56.00 58.00 88.00 76.00 91.00 99.00 76.00 112.00 83.00 91.00 74.00 77.00 89.00 93.00 64.00 53.00 68.00 84.00 50.00 48.00 38.00 48.00 33.00 25.00 70.00 63.00 75.00 58.00 68.00 21.00 76.00 63.00 50.00 67.00 72.00 91.00 65.00 52.00 59.00 75.00 53.00 86.00 38.00 91.00 99.00 102.00 87.00 111.00 58.00 72.00 82.00 81.00 73.00 75.00 103.00 66.00 54.00 66.00 113.00 84.00 53.00 101.00 27.00 30.00 68.00 96.00 109.00 68.00 81.00 88.00 90.00 5.00 18.00 42.00 69.00 83.00 74.00 73.00 87.00 95.00 58.00 45.00 83.00
98.00 74.00 68.00 52.00 58.00 79.00 36.00 104.00 79.00 66.00 77.00 57.00 67.00 71.00 77.00 149.00 57.00 85.00 103.00 81.00 80.00 63.00 60.00 79.00 0.00 75.00 86.00 68.00 86.00 76.00 120.00 61.00 66.00 84.00 107.00 86.00 85.00 93.00 82.00 53.00 69.00 100.00 88.00 89.00 87.00 83.00 71.00 93.00 136.00 102.00 74.00 103.00 122.00 77.00 105.00 90.00 118.00 55.00 88.00 76.00 64.00 109.00 88.00 125.00 88.00 97.00 90.00 62.00 52.00 58.00 27.00 37.00 97.00 65.00 76.00 77.00 82.00 122.00 87.00 66.00 47.00 13.00 74.00 85.00 104.00 66.00 91.00 81.00 98.00 113.00 109.00 93.00 91.00 78.00 100.00 140.00 102.00 101.00 110.00 104.00 74.00 61.00 109.00 110.00 135.00 83.00 112.00 93.00 78.00 100.00 71.00 85.00 88.00 108.00 61.00 57.00 59.00 90.00 95.00 57.00 52.00 95.00 98.00 46.00 89.00 116.00 104.00 87.00 90.00 108.00 101.00 77.00 66.00 65.00 81.00 63.00 67.00 57.00 61.00 46.00 69.00 73.00 105.00 79.00 83.00 111.00 90.00 99.00 87.00 65.00 80.00 85.00 99.00 98.00 89.00 86.00 88.00 66.00 99.00 57.00 101.00 118.00 121.00 121.00 145.00 71.00 91.00 82.00 41.00 101.00 100.00 134.00 103.00 73.00 113.00 121.00 75.00 72.00 87.00 52.00 49.00 87.00 99.00 118.00 87.00 64.00 71.00 64.00 74.00 87.00 79.00 102.00 66.00 93.00 89.00 100.00 114.00 77.00 58.00 96.00
84.00 99.00 96.00 80.00 35.00 86.00 68.00 99.00 74.00 61.00 72.00 52.00 42.00 47.00 53.00 110.00 18.00 55.00 83.00 58.00 93.00 47.00 44.00 48.00 75.00 0.00 11.00 51.00 69.00 43.00 112.00 32.00 37.00 61.00 71.00 31.00 54.00 64.00 66.00 22.00 38.00 92.00 74.00 75.00 73.00 63.00 48.00 70.00 119.00 91.00 64.00 98.00 73.00 66.00 89.00 74.00 43.00 38.00 71.00 53.00 41.00 65.00 71.00 108.00 62.00 64.00 93.00 43.00 29.00 35.00 76.00 82.00 128.00 90.00 79.00 80.00 64.00 104.00 75.00 54.00 62.00 62.00 88.00 62.00 82.00 55.00 46.00 36.00 53.00 38.00 34.00 59.00 74.00 61.00 73.00 113.00 84.00 66.00 80.00 93.00 51.00 61.00 109.00 91.00 123.00 82.00 86.00 18.00 41.00 105.00 68.00 66.00 65.00 77.00 44.00 40.00 42.00 73.00 65.00 64.00 84.00 87.00 87.00 73.00 93.00 78.00 87.00 70.00 73.00 85.00 67.00 46.00 49.00 64.00 80.00 46.00 44.00 34.00 44.00 29.00 63.00 66.00 62.00 71.00 54.00 106.00 59.00 72.00 67.00 46.00 63.00 68.00 90.00 60.00 47.00 55.00 71.00 49.00 82.00 34.00 79.00 62.00 65.00 95.00 71.00 46.00 58.00 78.00 78.00 26.00 71.00 107.00 73.00 50.00 82.00 106.00 88.00 49.00 82.00 23.00 26.00 64.00 92.00 105.00 64.00 77.00 80.00 86.00 43.00 56.00 49.00 64.00 79.00 70.00 64.00 83.00 91.00 54.00 41.00 79.00
81.00 110.00 107.00 91.00 46.00 97.00 79.00 110.00 85.00 72.00 66.00 63.00 53.00 58.00 64.00 113.00 29.00 66.00 94.00 61.00 86.00 58.00 55.00 59.00 86.00 11.00 0.00 56.00 74.00 32.00 111.00 43.00 48.00 72.00 82.00 42.00 65.00 75.00 77.00 33.00 49.00 103.00 85.00 72.00 70.00 52.00 37.00 59.00 108.00 80.00 75.00 109.00 84.00 77.00 100.00 85.00 54.00 49.00 82.00 56.00 44.00 76.00 82.00 119.00 73.00 75.00 96.00 54.00 40.00 46.00 87.00 93.00 139.00 101.00 90.00 91.00 53.00 93.00 69.00 65.00 73.00 73.00 84.00 73.00 93.00 66.00 57.00 47.00 64.00 49.00 45.00 70.00 85.00 72.00 84.00 124.00 95.00 77.00 91.00 104.00 62.00 72.00 120.00 102.00 134.00 93.00 96.00 7.00 30.00 107.00 79.00 77.00 76.00 88.00 55.00 51.00 53.00 84.00 76.00 75.00 95.00 86.00 76.00 84.00 104.00 89.00 98.00 81.00 84.00 96.00 78.00 35.00 60.00 75.00 91.00 57.00 55.00 45.00 55.00 40.00 74.00 77.00 73.00 82.00 65.00 117.00 70.00 83.00 56.00 57.00 74.00 79.00 101.00 71.00 58.00 66.00 82.00 60.00 93.00 45.00 90.00 73.00 76.00 84.00 60.00 57.00 47.00 89.00 89.00 37.00 82.00 116.00 84.00 61.00 93.00 95.00 81.00 60.00 93.00 34.00 37.00 75.00 103.00 108.00 67.00 70.00 77.00 97.00 54.00 67.00 60.00 75.00 90.00 81.00 72.00 94.00 102.00 65.00 52.00 90.00
75.00 89.00 89.00 83.00 26.00 86.00 65.00 89.00 64.00 51.00 62.00 42.00 52.00 51.00 57.00 117.00 33.00 62.00 73.00 57.00 87.00 38.00 41.00 55.00 68.00 51.00 56.00 0.00 18.00 36.00 103.00 37.00 42.00 32.00 55.00 38.00 61.00 69.00 57.00 29.00 45.00 94.00 68.00 66.00 64.00 56.00 41.00 63.00 112.00 87.00 57.00 88.00 76.00 73.00 105.00 90.00 59.00 31.00 64.00 52.00 40.00 62.00 78.00 79.00 67.00 61.00 92.00 42.00 28.00 34.00 69.00 75.00 103.00 80.00 69.00 70.00 57.00 97.00 34.00 13.00 32.00 55.00 80.00 53.00 46.00 62.00 43.00 33.00 50.00 54.00 50.00 25.00 67.00 54.00 76.00 110.00 91.00 63.00 87.00 100.00 42.00 51.00 64.00 77.00 109.00 87.00 91.00 57.00 34.00 104.00 62.00 65.00 59.00 77.00 15.00 11.00 13.00 44.00 72.00 71.00 81.00 78.00 88.00 66.00 83.00 68.00 80.00 63.00 66.00 84.00 82.00 29.00 20.00 35.00 51.00 5.00 15.00 25.00 13.00 22.00 70.00 64.00 59.00 73.00 59.00 93.00 66.00 53.00 60.00 45.00 34.00 61.00 87.00 50.00 60.00 62.00 42.00 20.00 53.00 33.00 113.00 102.00 105.00 75.00 99.00 23.00 51.00 69.00 71.00 58.00 76.00 100.00 65.00 27.00 82.00 99.00 83.00 48.00 72.00 28.00 25.00 63.00 86.00 100.00 61.00 82.00 87.00 74.00 50.00 63.00 56.00 54.00 78.00 69.00 68.00 54.00 90.00 53.00 10.00 48.00
93.00 107.00 107.00 101.00 44.00 104.00 83.00 107.00 82.00 69.00 80.00 60.00 70.00 69.00 75.00 135.00 51.00 80.00 91.00 75.00 90.00 56.00 59.00 73.00 86.00 69.00 74.00 18.00 0.00 54.00 121.00 55.00 60.00 50.00 73.00 56.00 79.00 87.00 75.00 47.00 63.00 112.00 86.00 84.00 82.00 74.00 59.00 81.00 130.00 105.00 75.00 106.00 94.00 91.00 123.00 108.00 77.00 49.00 82.00 70.00 58.00 80.00 96.00 97.00 85.00 79.00 110.00 60.00 46.00 52.00 87.00 93.00 121.00 98.00 87.00 88.00 75.00 115.00 52.00 31.00 50.00 73.00 98.00 71.00 64.00 80.00 61.00 51.00 68.00 72.00 68.00 43.00 85.00 72.00 94.00 128.00 109.00 81.00 105.00 118.00 60.00 69.00 82.00 95.00 127.00 105.00 109.00 75.00 52.00 122.00 80.00 83.00 77.00 95.00 33.00 29.00 31.00 62.00 90.00 89.00 99.00 96.00 106.00 84.00 101.00 86.00 98.00 81.00 84.00 102.00 100.00 47.00 38.00 53.00 69.00 23.00 33.00 43.00 31.00 40.00 88.00 82.00 77.00 91.00 77.00 111.00 84.00 71.00 78.00 63.00 52.00 79.00 105.00 68.00 78.00 80.00 60.00 38.00 71.00 51.00 131.00 120.00 123.00 93.00 117.00 41.00 69.00 87.00 89.00 76.00 94.00 118.00 83.00 45.00 100.00 117.00 101.00 66.00 90.00 46.00 43.00 81.00 104.00 118.00 79.00 100.00 105.00 92.00 68.00 81.00 74.00 72.00 96.00 87.00 86.00 72.00 108.00 71.00 28.00 66.00
49.00 90.00 81.00 78.00 36.00 82.00 67.00 83.00 58.00 45.00 34.00 51.00 41.00 46.00 52.00 85.00 35.00 36.00 66.00 29.00 82.00 46.00 43.00 57.00 76.00 43.00 32.00 36.00 54.00 0.00 92.00 39.00 44.00 62.00 84.00 54.00 63.00 71.00 65.00 31.00 47.00 88.00 59.00 40.00 38.00 20.00 5.00 27.00 76.00 79.00 65.00 97.00 66.00 89.00 107.00 92.00 76.00 39.00 69.00 24.00 12.00 57.00 67.00 95.00 69.00 52.00 78.00 44.00 30.00 20.00 76.00 84.00 108.00 70.00 63.00 64.00 21.00 61.00 41.00 39.00 58.00 63.00 73.00 60.00 72.00 78.00 59.00 49.00 66.00 71.00 67.00 61.00 75.00 62.00 67.00 102.00 93.00 79.00 73.00 116.00 49.00 60.00 100.00 84.00 116.00 66.00 93.00 25.00 2.00 79.00 54.00 67.00 50.00 76.00 31.00 27.00 29.00 60.00 58.00 85.00 73.00 74.00 81.00 75.00 77.00 69.00 88.00 71.00 74.00 86.00 61.00 7.00 36.00 51.00 67.00 31.00 45.00 35.00 29.00 30.00 72.00 52.00 75.00 70.00 61.00 110.00 68.00 69.00 24.00 47.00 50.00 69.00 78.00 51.00 38.00 64.00 58.00 36.00 69.00 19.00 99.00 104.00 107.00 91.00 78.00 39.00 15.00 61.00 80.00 59.00 78.00 84.00 54.00 43.00 81.00 100.00 76.00 50.00 66.00 30.00 27.00 65.00 77.00 76.00 35.00 66.00 59.00 85.00 52.00 65.00 42.00 47.00 80.00 55.00 40.00 70.00 76.00 39.00 26.00 64.00
89.00 112.00 95.00 111.00 77.00 97.00 97.00 34.00 59.00 72.00 83.00 81.00 91.00 96.00 102.00 155.00 94.00 93.00 67.00 118.00 115.00 91.00 94.00 116.00 120.00 112.00 111.00 103.00 121.00 92.00 0.00 91.00 96.00 103.00 115.00 91.00 76.00 123.00 110.00 90.00 92.00 115.00 120.00 80.00 78.00 96.00 97.00 111.00 82.00 39.00 124.00 127.00 129.00 115.00 113.00 128.00 127.00 98.00 119.00 113.00 101.00 97.00 79.00 113.00 91.00 106.00 127.00 97.00 83.00 95.00 93.00 83.00 113.00 75.00 64.00 65.00 97.00 97.00 92.00 110.00 91.00 107.00 106.00 50.00 110.00 104.00 96.00 86.00 103.00 122.00 118.00 122.00 101.00 114.00 107.00 147.00 128.00 114.00 93.00 132.00 61.00 90.00 129.00 104.00 132.00 80.00 115.00 117.00 94.00 125.00 62.00 120.00 125.00 145.00 104.00 100.00 102.00 89.00 115.00 95.00 81.00 25.00 35.00 84.00 104.00 94.00 147.00 130.00 133.00 105.00 101.00 99.00 109.00 124.00 140.00 106.00 88.00 78.00 104.00 89.00 128.00 64.00 112.00 82.00 113.00 143.00 124.00 101.00 100.00 100.00 123.00 122.00 90.00 76.00 89.00 123.00 123.00 109.00 142.00 94.00 128.00 145.00 148.00 107.00 83.00 96.00 84.00 38.00 79.00 110.00 130.00 135.00 75.00 91.00 150.00 112.00 103.00 109.00 93.00 89.00 86.00 84.00 55.00 74.00 115.00 114.00 108.00 97.00 111.00 123.00 99.00 72.00 112.00 77.00 113.00 141.00 98.00 114.00 101.00 139.00
64.00 76.00 82.00 68.00 21.00 72.00 36.00 100.00 75.00 62.00 73.00 53.00 43.00 38.00 44.00 106.00 14.00 43.00 60.00 44.00 61.00 15.00 12.00 36.00 61.00 32.00 43.00 37.00 55.00 39.00 91.00 0.00 5.00 47.00 70.00 55.00 42.00 32.00 34.00 10.00 26.00 83.00 60.00 55.00 53.00 35.00 34.00 56.00 89.00 74.00 50.00 99.00 79.00 77.00 86.00 71.00 75.00 24.00 57.00 39.00 27.00 72.00 59.00 94.00 48.00 64.00 71.00 29.00 15.00 21.00 45.00 55.00 103.00 65.00 76.00 77.00 34.00 74.00 53.00 40.00 59.00 48.00 57.00 48.00 71.00 79.00 57.00 50.00 67.00 70.00 66.00 62.00 60.00 47.00 69.00 109.00 72.00 77.00 68.00 101.00 37.00 62.00 87.00 62.00 94.00 68.00 72.00 50.00 41.00 91.00 56.00 52.00 51.00 65.00 30.00 26.00 28.00 59.00 53.00 70.00 52.00 73.00 78.00 52.00 94.00 55.00 69.00 52.00 49.00 71.00 75.00 46.00 35.00 50.00 66.00 32.00 30.00 20.00 30.00 15.00 51.00 54.00 73.00 57.00 22.00 93.00 47.00 40.00 39.00 32.00 49.00 54.00 80.00 37.00 47.00 43.00 57.00 35.00 68.00 20.00 100.00 83.00 86.00 90.00 103.00 40.00 54.00 64.00 57.00 58.00 39.00 75.00 61.00 36.00 70.00 102.00 56.00 35.00 83.00 9.00 12.00 50.00 78.00 91.00 50.00 45.00 52.00 72.00 31.00 44.00 37.00 41.00 55.00 56.00 55.00 69.00 77.00 40.00 27.00 65.00
